0.0000 0.0000 0.0000 -0.0000 -0.0000 -0.0000 -0.0000 1.0000
0.1038 0.0515 -0.0242 1.0007 0.0013 0.0218 0.0009 0.9998
0.2076 0.1465 -0.0505 1.9957 0.0036 0.0444 0.0028 0.9990
0.3116 0.2879 -0.0790 2.9867 0.0058 0.0673 0.0033 0.9977
0.4151 0.4658 -0.1103 3.9638 0.0072 0.0905 0.0024 0.9959
0.5189 0.6972 -0.1439 4.9346 0.0073 0.1138 0.0039 0.9935
0.6227 0.9716 -0.1802 5.8877 0.0078 0.1370 0.0048 0.9905
0.7264 1.2881 -0.2185 6.8262 0.0097 0.1598 0.0065 0.9871
0.8302 1.6513 -0.2547 7.7440 0.0112 0.1820 0.0085 0.9832
0.9340 2.0505 -0.2920 8.6462 0.0116 0.2045 0.0087 0.9788
1.0377 2.4887 -0.3309 9.5274 0.0114 0.2272 0.0094 0.9737
1.1415 2.9663 -0.3697 10.3842 0.0110 0.2503 0.0098 0.9681
1.2451 3.4831 -0.4086 11.2156 0.0107 0.2733 0.0100 0.9618
1.3489 4.0367 -0.4440 12.0188 0.0109 0.2960 0.0107 0.9551
1.4527 4.6314 -0.4790 12.7901 0.0118 0.3183 0.0125 0.9478
1.5564 5.2521 -0.5136 13.5306 0.0123 0.3402 0.0125 0.9402
1.6601 5.9135 -0.5463 14.2373 0.0130 0.3620 0.0149 0.9320
1.7638 6.6026 -0.5777 14.9122 0.0132 0.3836 0.0153 0.9233
1.8677 7.3160 -0.6092 15.5548 0.0134 0.4055 0.0151 0.9139
1.9713 8.0597 -0.6363 16.1550 0.0151 0.4268 0.0170 0.9040
2.0749 8.8249 -0.6653 16.7217 0.0157 0.4478 0.0170 0.8938
2.1787 9.6175 -0.6939 17.2483 0.0169 0.4684 0.0178 0.8832
2.2824 10.4357 -0.7210 17.7358 0.0199 0.4886 0.0192 0.8720
2.3860 11.2734 -0.7449 18.1886 0.0204 0.5083 0.0197 0.8607
2.4896 12.1384 -0.7707 18.6054 0.0213 0.5269 0.0219 0.8494
2.5934 13.0239 -0.7969 18.9849 0.0219 0.5443 0.0236 0.8383
2.6970 13.9228 -0.8195 19.3353 0.0233 0.5605 0.0238 0.8275
2.8006 14.8457 -0.8398 19.6556 0.0231 0.5754 0.0247 0.8172
2.9044 15.7882 -0.8590 19.9486 0.0224 0.5897 0.0263 0.8069
3.0081 16.7461 -0.8780 20.2096 0.0223 0.6035 0.0268 0.7966
3.1117 17.7110 -0.8926 20.4429 0.0221 0.6170 0.0256 0.7863
3.2153 18.6907 -0.9067 20.6454 0.0225 0.6297 0.0253 0.7761
3.3191 19.6917 -0.9205 20.8165 0.0229 0.6418 0.0261 0.7661
3.4228 20.7087 -0.9323 20.9589 0.0229 0.6537 0.0271 0.7560
3.5266 21.7416 -0.9424 21.0745 0.0217 0.6653 0.0273 0.7458
3.6303 22.7908 -0.9484 21.1612 0.0216 0.6764 0.0279 0.7357
3.7339 23.8536 -0.9510 21.2147 0.0224 0.6865 0.0289 0.7262
3.8375 24.9311 -0.9519 21.2407 0.0239 0.6957 0.0305 0.7173
3.9413 26.0235 -0.9510 21.2403 0.0253 0.7038 0.0322 0.7092
4.0449 27.1272 -0.9490 21.2156 0.0272 0.7111 0.0346 0.7018
4.1486 28.2425 -0.9456 21.1697 0.0282 0.7173 0.0368 0.6953
4.2523 29.3702 -0.9414 21.1074 0.0293 0.7227 0.0381 0.6895
4.3560 30.5029 -0.9364 21.0296 0.0297 0.7277 0.0396 0.6841
4.4596 31.6420 -0.9297 20.9398 0.0292 0.7322 0.0403 0.6792
4.5632 32.7868 -0.9217 20.8370 0.0290 0.7365 0.0405 0.6746
4.6669 33.9423 -0.9117 20.7186 0.0298 0.7404 0.0397 0.6704
4.7706 35.1147 -0.9007 20.5853 0.0311 0.7439 0.0388 0.6664
4.8743 36.3091 -0.8892 20.4370 0.0323 0.7472 0.0383 0.6627
4.9780 37.5268 -0.8782 20.2789 0.0325 0.7497 0.0380 0.6598
5.0817 38.7673 -0.8670 20.1108 0.0325 0.7517 0.0377 0.6576
5.1853 40.0240 -0.8564 19.9325 0.0333 0.7534 0.0376 0.6556
5.2889 41.3055 -0.8460 19.7465 0.0336 0.7550 0.0367 0.6539
5.3926 42.6068 -0.8375 19.5506 0.0340 0.7564 0.0364 0.6523
5.4963 43.9328 -0.8295 19.3479 0.0336 0.7574 0.0368 0.6511
5.6000 45.2814 -0.8188 19.1375 0.0330 0.7581 0.0380 0.6502
5.7036 46.6485 -0.8060 18.9223 0.0326 0.7588 0.0384 0.6494
5.8073 48.0356 -0.7908 18.6994 0.0336 0.7594 0.0390 0.6485
5.9110 49.4420 -0.7766 18.4732 0.0336 0.7598 0.0387 0.6482
6.0147 50.8713 -0.7612 18.2399 0.0346 0.7599 0.0392 0.6479
6.1184 52.3163 -0.7489 18.0057 0.0346 0.7600 0.0388 0.6479
6.2219 53.7841 -0.7386 17.7682 0.0350 0.7598 0.0384 0.6480
6.3257 55.2756 -0.7282 17.5286 0.0352 0.7594 0.0385 0.6485
6.4293 56.7869 -0.7193 17.2895 0.0345 0.7589 0.0386 0.6491
6.5330 58.3197 -0.7090 17.0470 0.0351 0.7586 0.0386 0.6495
6.6367 59.8700 -0.6982 16.8056 0.0354 0.7582 0.0382 0.6500
6.7404 61.4493 -0.6899 16.5601 0.0359 0.7579 0.0383 0.6503
6.8441 63.0456 -0.6822 16.3148 0.0358 0.7575 0.0382 0.6507
6.9478 64.6615 -0.6743 16.0656 0.0358 0.7571 0.0395 0.6511
7.0515 66.2927 -0.6659 15.8143 0.0357 0.7569 0.0406 0.6513
7.1552 67.9336 -0.6567 15.5643 0.0364 0.7566 0.0410 0.6516
7.2589 69.5915 -0.6495 15.3107 0.0379 0.7562 0.0410 0.6519
7.3626 71.2635 -0.6456 15.0605 0.0376 0.7560 0.0408 0.6522
7.4662 72.9496 -0.6412 14.8071 0.0376 0.7559 0.0411 0.6523
7.5699 74.6568 -0.6351 14.5538 0.0369 0.7558 0.0414 0.6524
7.6736 76.3758 -0.6266 14.2958 0.0376 0.7557 0.0420 0.6525
7.7773 78.1121 -0.6193 14.0376 0.0379 0.7557 0.0422 0.6525
7.8810 79.8642 -0.6122 13.7761 0.0384 0.7557 0.0420 0.6525
7.9847 81.6266 -0.6070 13.5147 0.0384 0.7558 0.0416 0.6523
8.0884 83.4032 -0.6037 13.2493 0.0381 0.7562 0.0411 0.6519
8.1921 85.1938 -0.6018 12.9800 0.0382 0.7566 0.0405 0.6515
8.2959 87.0054 -0.5995 12.7071 0.0376 0.7570 0.0404 0.6511
8.3995 88.8275 -0.5949 12.4284 0.0375 0.7573 0.0406 0.6508
8.5032 90.6666 -0.5893 12.1486 0.0362 0.7575 0.0400 0.6507
8.6070 92.5161 -0.5823 11.8613 0.0365 0.7579 0.0396 0.6501
8.7107 94.3842 -0.5762 11.5693 0.0366 0.7588 0.0387 0.6491
8.8144 96.2638 -0.5691 11.2675 0.0367 0.7601 0.0391 0.6476
8.9181 98.1539 -0.5671 10.9590 0.0358 0.7617 0.0385 0.6458
9.0219 100.0527 -0.5652 10.6399 0.0346 0.7633 0.0382 0.6440
9.1255 101.9553 -0.5641 10.3099 0.0346 0.7648 0.0374 0.6422
9.2291 103.8698 -0.5624 9.9661 0.0351 0.7664 0.0372 0.6403
9.3328 105.7910 -0.5644 9.6116 0.0355 0.7679 0.0365 0.6385
9.4365 107.7248 -0.5688 9.2464 0.0354 0.7695 0.0359 0.6366
9.5401 109.6683 -0.5718 8.8716 0.0342 0.7712 0.0356 0.6347
9.6439 111.6206 -0.5733 8.4866 0.0335 0.7729 0.0350 0.6327
9.7476 113.5815 -0.5728 8.0869 0.0328 0.7747 0.0351 0.6305
9.8512 115.5478 -0.5705 7.6742 0.0327 0.7765 0.0352 0.6283
9.9549 117.5182 -0.5681 7.2469 0.0332 0.7783 0.0350 0.6261
10.0585 119.4963 -0.5659 6.8083 0.0334 0.7801 0.0346 0.6238
10.1623 121.4861 -0.5646 6.3512 0.0334 0.7820 0.0349 0.6214
10.2660 123.4817 -0.5637 5.8832 0.0331 0.7838 0.0345 0.6192
10.3695 125.4794 -0.5607 5.4035 0.0330 0.7854 0.0343 0.6171
10.4733 127.4889 -0.5592 4.9110 0.0326 0.7871 0.0338 0.6150
10.5770 129.5004 -0.5556 4.4023 0.0331 0.7885 0.0346 0.6132
10.6808 131.5233 -0.5494 3.8801 0.0332 0.7897 0.0358 0.6116
10.7845 133.5486 -0.5428 3.3482 0.0340 0.7908 0.0360 0.6101
10.8884 135.5837 -0.5360 2.8069 0.0342 0.7918 0.0360 0.6088
10.9921 137.6250 -0.5296 2.2580 0.0338 0.7928 0.0358 0.6074
11.0963 139.6797 -0.5225 1.6993 0.0334 0.7941 0.0353 0.6058
11.1997 141.7304 -0.5180 1.1322 0.0332 0.7955 0.0344 0.6040
11.3034 143.7927 -0.5127 0.5516 0.0328 0.7970 0.0342 0.6022
11.4071 145.8618 -0.5062 -0.0414 0.0329 0.7984 0.0343 0.6003
11.5106 147.9305 -0.5006 -0.6449 0.0328 0.7998 0.0340 0.5984
11.6142 150.0068 -0.4960 -1.2611 0.0328 0.8013 0.0337 0.5965
11.7180 152.0968 -0.4898 -1.8923 0.0324 0.8025 0.0341 0.5947
11.8214 154.1812 -0.4830 -2.5332 0.0325 0.8039 0.0344 0.5929
11.9251 156.2753 -0.4754 -3.1877 0.0330 0.8051 0.0347 0.5913
12.0287 158.3734 -0.4677 -3.8515 0.0333 0.8062 0.0343 0.5897
12.1321 160.4737 -0.4609 -4.5253 0.0341 0.8073 0.0337 0.5881
12.2360 162.5875 -0.4555 -5.2120 0.0345 0.8084 0.0338 0.5867
12.3396 164.7037 -0.4525 -5.9086 0.0346 0.8094 0.0334 0.5852
12.4432 166.8257 -0.4495 -6.6147 0.0346 0.8105 0.0334 0.5837
12.5468 168.9537 -0.4456 -7.3315 0.0345 0.8118 0.0335 0.5820
12.6506 171.0871 -0.4417 -8.0631 0.0349 0.8129 0.0341 0.5804
12.7542 173.2245 -0.4366 -8.8061 0.0359 0.8139 0.0348 0.5789
12.8578 175.3665 -0.4294 -9.5578 0.0359 0.8147 0.0354 0.5777
12.9614 177.5169 -0.4209 -10.3183 0.0357 0.8155 0.0357 0.5766
13.0650 179.6714 -0.4118 -11.0856 0.0353 0.8164 0.0353 0.5754
13.1688 181.8303 -0.4044 -11.8622 0.0355 0.8173 0.0342 0.5741
13.2724 183.9969 -0.3986 -12.6499 0.0359 0.8183 0.0335 0.5726
13.3762 186.1699 -0.3991 -13.4480 0.0357 0.8194 0.0323 0.5712
13.4798 188.3440 -0.4001 -14.2554 0.0358 0.8204 0.0312 0.5698
13.5834 190.5195 -0.4014 -15.0749 0.0360 0.8216 0.0316 0.5681
13.6870 192.7087 -0.4039 -15.9088 0.0353 0.8226 0.0319 0.5666
13.7907 194.9010 -0.4036 -16.7532 0.0349 0.8238 0.0322 0.5649
13.8944 197.0930 -0.4021 -17.6074 0.0350 0.8249 0.0323 0.5632
13.9985 199.2958 -0.4007 -18.4748 0.0347 0.8260 0.0319 0.5617
14.1018 201.4804 -0.4012 -19.3445 0.0345 0.8272 0.0313 0.5600
14.2059 203.6882 -0.4031 -20.2346 0.0345 0.8281 0.0313 0.5586
14.3092 205.8770 -0.4062 -21.1272 0.0349 0.8290 0.0316 0.5573
14.4129 208.0748 -0.4083 -22.0367 0.0353 0.8297 0.0321 0.5561
14.5165 210.2746 -0.4073 -22.9540 0.0355 0.8305 0.0328 0.5549
14.6203 212.4744 -0.4052 -23.8790 0.0359 0.8312 0.0330 0.5538
14.7237 214.6697 -0.4037 -24.8069 0.0364 0.8320 0.0328 0.5526
14.8274 216.8716 -0.4053 -25.7452 0.0362 0.8328 0.0324 0.5514
14.9316 219.0854 -0.4090 -26.6951 0.0362 0.8337 0.0319 0.5501
15.0349 221.2752 -0.4146 -27.6423 0.0365 0.8346 0.0314 0.5488
15.1386 223.4748 -0.4228 -28.5989 0.0360 0.8353 0.0306 0.5477
15.2422 225.6743 -0.4324 -29.5663 0.0362 0.8362 0.0305 0.5464
15.3457 227.8686 -0.4418 -30.5421 0.0366 0.8369 0.0315 0.5452
15.4495 230.0656 -0.4486 -31.5245 0.0364 0.8377 0.0319 0.5440
15.5531 232.2584 -0.4502 -32.5114 0.0359 0.8386 0.0320 0.5426
15.6567 234.4478 -0.4516 -33.5041 0.0356 0.8396 0.0314 0.5412
15.7604 236.6402 -0.4546 -34.5071 0.0349 0.8406 0.0310 0.5397
15.8640 238.8266 -0.4565 -35.5155 0.0343 0.8416 0.0310 0.5381
15.9678 241.0098 -0.4584 -36.5335 0.0341 0.8427 0.0308 0.5365
16.0714 243.1866 -0.4598 -37.5587 0.0336 0.8438 0.0307 0.5348
16.1752 245.3571 -0.4619 -38.5911 0.0337 0.8449 0.0302 0.5330
16.2788 247.5244 -0.4615 -39.6320 0.0330 0.8461 0.0302 0.5311
16.3824 249.6839 -0.4614 -40.6836 0.0330 0.8473 0.0302 0.5293
16.4862 251.8424 -0.4628 -41.7463 0.0335 0.8483 0.0301 0.5276
16.5897 253.9896 -0.4623 -42.8137 0.0333 0.8494 0.0300 0.5259
16.6934 256.1425 -0.4599 -43.8903 0.0330 0.8505 0.0296 0.5242
16.7970 258.2951 -0.4566 -44.9778 0.0329 0.8515 0.0296 0.5224
16.9007 260.4446 -0.4516 -46.0741 0.0333 0.8525 0.0296 0.5208
17.0043 262.5925 -0.4469 -47.1840 0.0340 0.8536 0.0299 0.5190
17.1079 264.7340 -0.4443 -48.3001 0.0352 0.8545 0.0301 0.5174
17.2123 266.8920 -0.4427 -49.4345 0.0356 0.8553 0.0302 0.5160
17.3153 269.0255 -0.4395 -50.5679 0.0368 0.8562 0.0302 0.5145
17.4189 271.1744 -0.4358 -51.7204 0.0380 0.8569 0.0300 0.5131
17.5227 273.3318 -0.4313 -52.8877 0.0384 0.8577 0.0302 0.5117
17.6263 275.4870 -0.4244 -54.0621 0.0389 0.8587 0.0300 0.5101
17.7300 277.6580 -0.4182 -55.2531 0.0386 0.8597 0.0296 0.5086
17.8336 279.8273 -0.4128 -56.4551 0.0391 0.8606 0.0295 0.5069
17.9378 282.0168 -0.4106 -57.6741 0.0389 0.8616 0.0290 0.5053
18.0410 284.1885 -0.4096 -58.8925 0.0384 0.8624 0.0284 0.5039
18.1446 286.3724 -0.4080 -60.1296 0.0387 0.8632 0.0289 0.5026
18.2482 288.5702 -0.4045 -61.3849 0.0392 0.8638 0.0297 0.5015
18.3518 290.7704 -0.3987 -62.6493 0.0393 0.8643 0.0302 0.5005
18.4557 292.9827 -0.3909 -63.9234 0.0393 0.8650 0.0302 0.4994
18.5591 295.1953 -0.3821 -65.2062 0.0389 0.8656 0.0303 0.4983
18.6630 297.4212 -0.3714 -66.5052 0.0391 0.8663 0.0309 0.4970
18.7663 299.6423 -0.3587 -67.8087 0.0392 0.8670 0.0312 0.4959
18.8699 301.8763 -0.3470 -69.1256 0.0393 0.8675 0.0307 0.4949
18.9735 304.1141 -0.3373 -70.4517 0.0397 0.8682 0.0293 0.4937
19.0771 306.3593 -0.3308 -71.7917 0.0390 0.8692 0.0290 0.4921
19.1809 308.6134 -0.3233 -73.1440 0.0375 0.8705 0.0289 0.4899
19.2845 310.8714 -0.3126 -74.5124 0.0360 0.8719 0.0290 0.4875
19.3882 313.1301 -0.2972 -75.9001 0.0352 0.8732 0.0292 0.4851
19.4918 315.3852 -0.2796 -77.3072 0.0354 0.8745 0.0293 0.4829
19.5955 317.6383 -0.2578 -78.7299 0.0363 0.8756 0.0300 0.4807
19.6991 319.8954 -0.2382 -80.1727 0.0370 0.8767 0.0303 0.4787
19.8028 322.1579 -0.2198 -81.6321 0.0370 0.8777 0.0306 0.4767
19.9064 324.4120 -0.2017 -83.1001 0.0366 0.8788 0.0318 0.4747
20.0100 326.6626 -0.1825 -84.5797 0.0358 0.8799 0.0318 0.4727
20.1136 328.9055 -0.1608 -86.0683 0.0355 0.8810 0.0316 0.4707
20.2173 331.1477 -0.1384 -87.5705 0.0352 0.8821 0.0318 0.4686
20.3209 333.3840 -0.1126 -89.0867 0.0354 0.8832 0.0329 0.4664
20.4245 335.6133 -0.0846 -90.6143 0.0356 0.8843 0.0333 0.4643
20.5281 337.8389 -0.0524 -92.1515 0.0347 0.8854 0.0329 0.4624
20.6317 340.0560 -0.0160 -93.7001 0.0342 0.8863 0.0335 0.4605
20.7354 342.2752 0.0233 -95.2650 0.0339 0.8872 0.0342 0.4589
20.8390 344.4892 0.0634 -96.8362 0.0332 0.8880 0.0335 0.4575
20.9426 346.7010 0.1025 -98.4119 0.0318 0.8889 0.0319 0.4560
21.0463 348.9103 0.1403 -99.9981 0.0306 0.8898 0.0307 0.4543
21.1499 351.1094 0.1754 -101.5909 0.0290 0.8907 0.0310 0.4527
21.2536 353.3107 0.2141 -103.2033 0.0288 0.8915 0.0318 0.4510
21.3572 355.4996 0.2540 -104.8170 0.0286 0.8924 0.0316 0.4493
21.4608 357.6809 0.2903 -106.4411 0.0283 0.8932 0.0307 0.4477
21.5646 359.8670 0.3298 -108.0781 0.0263 0.8941 0.0316 0.4460
21.6681 362.0386 0.3801 -109.7167 0.0248 0.8950 0.0316 0.4444
21.7718 364.2051 0.4336 -111.3631 0.0246 0.8958 0.0314 0.4427
21.8754 366.3626 0.4856 -113.0176 0.0243 0.8966 0.0313 0.4411
21.9790 368.5148 0.5358 -114.6817 0.0242 0.8973 0.0314 0.4397
22.0827 370.6543 0.5858 -116.3494 0.0236 0.8980 0.0320 0.4381
22.1862 372.7925 0.6348 -118.0262 0.0227 0.8989 0.0311 0.4366
22.2903 374.9322 0.6806 -119.7055 0.0194 0.8998 0.0276 0.4351
22.3936 377.0444 0.7142 -121.3733 0.0171 0.9008 0.0217 0.4333
22.4973 379.1489 0.7322 -123.0734 0.0225 0.9016 0.0214 0.4315
22.6009 381.2460 0.7514 -124.7861 0.0251 0.9017 0.0248 0.4309
22.7044 383.3531 0.7913 -126.4979 0.0220 0.9021 0.0304 0.4299
22.8081 385.4625 0.8581 -128.2062 0.0177 0.9028 0.0330 0.4284
22.9118 387.5638 0.9376 -129.9140 0.0144 0.9037 0.0331 0.4267
23.0154 389.6489 1.0154 -131.6273 0.0139 0.9045 0.0326 0.4251
23.1190 391.7168 1.0889 -133.3507 0.0166 0.9051 0.0329 0.4235
23.2227 393.7800 1.1549 -135.0831 0.0200 0.9057 0.0319 0.4222
23.3264 395.8385 1.2141 -136.8244 0.0214 0.9064 0.0307 0.4207
23.4301 397.8934 1.2729 -138.5702 0.0210 0.9072 0.0310 0.4190
23.5337 399.9429 1.3350 -140.3176 0.0210 0.9080 0.0318 0.4173
23.6373 401.9775 1.3999 -142.0688 0.0210 0.9086 0.0325 0.4159
23.7411 404.0132 1.4640 -143.8398 0.0213 0.9091 0.0327 0.4147
23.8447 406.0396 1.5306 -145.6094 0.0214 0.9095 0.0329 0.4139
23.9484 408.0639 1.5968 -147.3861 0.0218 0.9098 0.0330 0.4131
24.0521 410.0865 1.6652 -149.1653 0.0221 0.9100 0.0341 0.4125
24.1557 412.0999 1.7395 -150.9391 0.0223 0.9103 0.0357 0.4118
24.2594 414.1199 1.8208 -152.7256 0.0226 0.9105 0.0369 0.4111
24.3630 416.1297 1.9021 -154.5063 0.0226 0.9109 0.0362 0.4105
24.4666 418.1369 1.9804 -156.2858 0.0216 0.9114 0.0338 0.4096
24.5702 420.1401 2.0513 -158.0701 0.0206 0.9118 0.0323 0.4089
24.6739 422.1413 2.1178 -159.8579 0.0200 0.9121 0.0325 0.4083
24.7776 424.1424 2.1863 -161.6509 0.0192 0.9123 0.0323 0.4078
24.8812 426.1357 2.2561 -163.4423 0.0183 0.9126 0.0308 0.4073
24.9849 428.1288 2.3254 -165.2378 0.0176 0.9128 0.0309 0.4068
25.0883 430.1109 2.3969 -167.0320 0.0173 0.9129 0.0321 0.4065
25.1919 432.0961 2.4718 -168.8310 0.0176 0.9128 0.0337 0.4065
25.2956 434.0721 2.5493 -170.6280 0.0185 0.9125 0.0374 0.4070
25.3992 436.0531 2.6506 -172.4221 0.0193 0.9119 0.0403 0.4079
25.5028 438.0420 2.7556 -174.2029 0.0176 0.9115 0.0388 0.4091
25.6064 440.0300 2.8439 -175.9705 0.0157 0.9115 0.0342 0.4096
25.7100 442.0339 2.9219 -177.7475 0.0136 0.9111 0.0322 0.4107
25.8136 444.0392 3.0069 -179.5200 0.0129 0.9105 0.0315 0.4122
25.9173 446.0460 3.0987 -181.2884 0.0134 0.9097 0.0324 0.4138
26.0208 448.0532 3.1926 -183.0447 0.0138 0.9089 0.0326 0.4156
26.1245 450.0640 3.2780 -184.7916 0.0137 0.9083 0.0306 0.4170
26.2281 452.0924 3.3589 -186.5327 0.0104 0.9079 0.0294 0.4180
26.3317 454.1251 3.4370 -188.2652 0.0061 0.9077 0.0281 0.4187
26.4354 456.1580 3.5168 -189.9924 0.0034 0.9076 0.0257 0.4190
26.5391 458.1873 3.5935 -191.7203 0.0024 0.9075 0.0249 0.4194
26.6427 460.2152 3.6695 -193.4519 0.0029 0.9071 0.0260 0.4200
26.7463 462.2462 3.7508 -195.1830 0.0032 0.9067 0.0277 0.4208
26.8499 464.2791 3.8359 -196.9059 0.0024 0.9063 0.0280 0.4216
26.9535 466.3135 3.9220 -198.6214 0.0015 0.9061 0.0270 0.4222
27.0573 468.3509 4.0042 -200.3376 0.0016 0.9059 0.0258 0.4227
27.1609 470.3839 4.0795 -202.0483 0.0021 0.9056 0.0252 0.4234
27.2645 472.4259 4.1541 -203.7656 0.0028 0.9053 0.0261 0.4240
27.3682 474.4683 4.2302 -205.4787 0.0033 0.9049 0.0271 0.4248
27.4718 476.5113 4.3097 -207.1855 0.0032 0.9046 0.0274 0.4253
27.5755 478.5558 4.3895 -208.8868 0.0031 0.9044 0.0273 0.4259
27.6792 480.6060 4.4714 -210.5886 0.0027 0.9041 0.0277 0.4263
27.7828 482.6545 4.5556 -212.2853 0.0022 0.9039 0.0281 0.4268
27.8866 484.7071 4.6401 -213.9826 0.0023 0.9038 0.0274 0.4271
27.9902 486.7577 4.7208 -215.6770 0.0027 0.9037 0.0267 0.4273
28.0938 488.8066 4.7998 -217.3707 0.0027 0.9035 0.0271 0.4276
28.1974 490.8629 4.8809 -219.0659 0.0022 0.9034 0.0276 0.4279
28.3010 492.9166 4.9608 -220.7576 0.0015 0.9034 0.0275 0.4280
28.4046 494.9713 5.0380 -222.4476 0.0012 0.9034 0.0274 0.4279
28.5083 497.0247 5.1167 -224.1389 0.0014 0.9035 0.0273 0.4278
28.6119 499.0722 5.1936 -225.8270 0.0016 0.9035 0.0274 0.4277
28.7156 501.1328 5.2677 -227.5274 0.0011 0.9036 0.0281 0.4275
28.8192 503.1867 5.3491 -229.2205 0.0003 0.9036 0.0284 0.4274
28.9228 505.2390 5.4328 -230.9143 0.0002 0.9037 0.0285 0.4272
29.0265 507.2915 5.5193 -232.6072 -0.0000 0.9037 0.0281 0.4272
29.1301 509.3381 5.6052 -234.2975 0.0001 0.9037 0.0279 0.4272
29.2338 511.3939 5.6893 -235.9969 0.0006 0.9037 0.0280 0.4273
29.3374 513.4454 5.7733 -237.6908 0.0005 0.9036 0.0281 0.4274
29.4410 515.4974 5.8576 -239.3843 0.0005 0.9036 0.0281 0.4274
29.5447 517.5493 5.9425 -241.0762 0.0004 0.9036 0.0277 0.4275
29.6483 519.6014 6.0270 -242.7680 -0.0001 0.9036 0.0278 0.4275
29.7520 521.6574 6.1154 -244.4639 -0.0001 0.9035 0.0283 0.4277
29.8556 523.7106 6.2066 -246.1557 -0.0005 0.9034 0.0290 0.4278
29.9591 525.7627 6.2997 -247.8455 -0.0002 0.9034 0.0288 0.4279
30.0627 527.8159 6.3929 -249.5367 0.0004 0.9033 0.0290 0.4280
30.1664 529.8651 6.4868 -251.2228 0.0005 0.9032 0.0294 0.4282
30.2700 531.9262 6.5824 -252.9158 0.0001 0.9031 0.0296 0.4283
30.3736 533.9814 6.6774 -254.6036 -0.0001 0.9032 0.0291 0.4283
30.4772 536.0377 6.7714 -256.2925 -0.0001 0.9032 0.0290 0.4282
30.5808 538.0951 6.8660 -257.9830 -0.0005 0.9032 0.0295 0.4281
30.6845 540.1536 6.9649 -259.6746 -0.0011 0.9033 0.0303 0.4280
30.7882 542.2136 7.0668 -261.3661 -0.0018 0.9033 0.0304 0.4279
30.8918 544.2679 7.1687 -263.0547 -0.0014 0.9034 0.0293 0.4277
30.9956 546.3253 7.2653 -264.7478 -0.0010 0.9036 0.0279 0.4276
31.0991 548.3760 7.3571 -266.4366 -0.0008 0.9036 0.0278 0.4275
31.2028 550.4365 7.4509 -268.1343 -0.0012 0.9035 0.0293 0.4276
31.3065 552.4956 7.5514 -269.8319 -0.0013 0.9035 0.0303 0.4276
31.4101 554.5493 7.6545 -271.5254 -0.0008 0.9035 0.0302 0.4276
31.5139 556.6051 7.7572 -273.2200 -0.0005 0.9035 0.0299 0.4275
31.6175 558.6591 7.8574 -274.9141 -0.0002 0.9035 0.0299 0.4275
31.7213 560.7204 7.9576 -276.6146 0.0003 0.9035 0.0303 0.4276
31.8248 562.7775 8.0580 -278.3114 0.0004 0.9034 0.0311 0.4277
31.9286 564.8386 8.1618 -280.0085 -0.0002 0.9033 0.0313 0.4278
32.0322 566.8959 8.2679 -281.7021 -0.0001 0.9033 0.0316 0.4278
32.1359 568.9502 8.3740 -283.3947 0.0003 0.9032 0.0317 0.4280
32.2395 571.0150 8.4834 -285.0936 0.0001 0.9031 0.0327 0.4282
32.3433 573.0773 8.5939 -286.7871 -0.0005 0.9030 0.0324 0.4285
32.4470 575.1384 8.7051 -288.4766 -0.0015 0.9029 0.0324 0.4286
32.5508 577.2007 8.8169 -290.1677 -0.0012 0.9028 0.0318 0.4288
32.6544 579.2540 8.9249 -291.8529 -0.0004 0.9027 0.0317 0.4291
32.7581 581.3141 9.0316 -293.5428 0.0003 0.9025 0.0319 0.4296
32.8617 583.3713 9.1373 -295.2267 0.0004 0.9023 0.0323 0.4300
32.9657 585.4383 9.2455 -296.9139 -0.0001 0.9021 0.0330 0.4303
33.0705 587.5190 9.3532 -298.6121 0.0004 0.9019 0.0325 0.4306
33.1729 589.5489 9.4566 -300.2630 0.0001 0.9018 0.0322 0.4310
33.2764 591.6108 9.5613 -301.9383 -0.0002 0.9016 0.0321 0.4313
33.3800 593.6716 9.6668 -303.6091 -0.0004 0.9015 0.0321 0.4317
33.4838 595.7370 9.7758 -305.2800 -0.0008 0.9013 0.0322 0.4320
33.5876 597.8027 9.8837 -306.9488 -0.0014 0.9012 0.0320 0.4322
33.6912 599.8670 9.9922 -308.6131 -0.0021 0.9011 0.0315 0.4325
33.7949 601.9345 10.0986 -310.2813 -0.0022 0.9012 0.0306 0.4324
33.8986 604.0024 10.2068 -311.9523 -0.0023 0.9012 0.0312 0.4323
34.0024 606.0701 10.3172 -313.6242 -0.0023 0.9012 0.0321 0.4322
34.1060 608.1333 10.4302 -315.2902 -0.0030 0.9012 0.0322 0.4321
34.2097 610.2041 10.5420 -316.9635 -0.0031 0.9013 0.0313 0.4320
34.3135 612.2707 10.6510 -318.6358 -0.0024 0.9014 0.0304 0.4320
34.4171 614.3316 10.7565 -320.3039 -0.0018 0.9013 0.0300 0.4321
34.5208 616.4014 10.8585 -321.9781 -0.0016 0.9013 0.0300 0.4321
34.6245 618.4658 10.9606 -323.6462 -0.0020 0.9013 0.0307 0.4321
34.7281 620.5350 11.0676 -325.3171 -0.0019 0.9013 0.0315 0.4321
34.8318 622.6067 11.1770 -326.9891 -0.0018 0.9012 0.0317 0.4322
34.9354 624.6751 11.2868 -328.6575 -0.0019 0.9012 0.0313 0.4323
35.0391 626.7459 11.3964 -330.3270 -0.0018 0.9011 0.0311 0.4325
35.1428 628.8138 11.5049 -331.9942 -0.0018 0.9010 0.0314 0.4327
35.2465 630.8887 11.6123 -333.6656 -0.0018 0.9009 0.0313 0.4329
35.3501 632.9587 11.7223 -335.3308 -0.0022 0.9008 0.0314 0.4330
35.4540 635.0324 11.8319 -336.9998 -0.0025 0.9007 0.0314 0.4332
35.5574 637.0951 11.9409 -338.6594 -0.0020 0.9007 0.0307 0.4334
35.6611 639.1659 12.0480 -340.3234 -0.0021 0.9005 0.0307 0.4337
35.7648 641.2374 12.1556 -341.9886 -0.0022 0.9004 0.0312 0.4339
35.8683 643.3047 12.2664 -343.6496 -0.0021 0.9003 0.0317 0.4341
35.9721 645.3750 12.3766 -345.3101 -0.0018 0.9002 0.0312 0.4344
36.0758 647.4454 12.4825 -346.9686 -0.0013 0.9001 0.0306 0.4346
36.1795 649.5155 12.5863 -348.6239 -0.0010 0.8999 0.0307 0.4349
36.2833 651.5913 12.6923 -350.2820 -0.0010 0.8997 0.0317 0.4353
36.3868 653.6623 12.8004 -351.9355 -0.0012 0.8996 0.0321 0.4356
36.4905 655.7358 12.9101 -353.5870 -0.0012 0.8995 0.0322 0.4358
36.5941 657.8057 13.0202 -355.2341 -0.0016 0.8994 0.0322 0.4360
36.6978 659.8779 13.1300 -356.8806 -0.0014 0.8992 0.0319 0.4363
36.8015 661.9586 13.2389 -358.5328 -0.0011 0.8991 0.0313 0.4366
36.9052 664.0361 13.3467 -360.1819 -0.0010 0.8990 0.0310 0.4369
37.0089 666.1120 13.4523 -361.8289 -0.0012 0.8990 0.0308 0.4369
37.1126 668.1904 13.5581 -363.4752 -0.0015 0.8989 0.0308 0.4370
37.2163 670.2712 13.6636 -365.1232 -0.0016 0.8990 0.0305 0.4369
37.3199 672.3505 13.7687 -366.7695 -0.0020 0.8991 0.0305 0.4367
37.4237 674.4325 13.8741 -368.4192 -0.0024 0.8992 0.0301 0.4365
37.5273 676.5090 13.9789 -370.0675 -0.0025 0.8993 0.0299 0.4363
37.6311 678.5876 14.0832 -371.7203 -0.0025 0.8994 0.0303 0.4361
37.7347 680.6657 14.1885 -373.3743 -0.0025 0.8995 0.0307 0.4359
37.8384 682.7432 14.2971 -375.0304 -0.0021 0.8995 0.0314 0.4357
37.9420 684.8198 14.4057 -376.6842 -0.0022 0.8996 0.0315 0.4356
38.0456 686.8945 14.5135 -378.3370 -0.0022 0.8996 0.0310 0.4355
38.1493 688.9656 14.6192 -379.9902 -0.0017 0.8996 0.0306 0.4355
38.2529 691.0408 14.7241 -381.6488 -0.0010 0.8996 0.0309 0.4357
38.3565 693.1156 14.8271 -383.3046 -0.0004 0.8994 0.0311 0.4359
38.4601 695.1930 14.9297 -384.9613 -0.0000 0.8993 0.0317 0.4362
38.5637 697.2710 15.0328 -386.6143 0.0003 0.8992 0.0317 0.4365
38.6673 699.3457 15.1386 -388.2646 0.0003 0.8990 0.0314 0.4368
38.7711 701.4274 15.2443 -389.9181 -0.0001 0.8989 0.0309 0.4370
38.8748 703.5065 15.3467 -391.5686 -0.0000 0.8988 0.0305 0.4372
38.9783 705.5829 15.4480 -393.2168 -0.0004 0.8987 0.0305 0.4375
39.0820 707.6613 15.5500 -394.8665 -0.0003 0.8985 0.0316 0.4378
39.1857 709.7441 15.6558 -396.5177 -0.0002 0.8983 0.0322 0.4381
39.2893 711.8243 15.7653 -398.1607 0.0002 0.8982 0.0324 0.4384
39.3929 713.9054 15.8784 -399.8001 0.0008 0.8980 0.0321 0.4387
39.4965 715.9839 15.9912 -401.4338 0.0010 0.8979 0.0316 0.4392
39.6002 718.0631 16.1018 -403.0674 0.0015 0.8977 0.0310 0.4396
39.7039 720.1441 16.2151 -404.6980 0.0015 0.8975 0.0310 0.4400
39.8076 722.2296 16.3280 -406.3296 0.0020 0.8973 0.0307 0.4403
39.9113 724.3156 16.4403 -407.9582 0.0022 0.8971 0.0305 0.4408
40.0149 726.4057 16.5440 -409.5850 0.0013 0.8969 0.0307 0.4412
40.1187 728.4983 16.6627 -411.2077 0.0003 0.8967 0.0302 0.4415
40.2223 730.5888 16.7734 -412.8287 0.0003 0.8966 0.0298 0.4418
40.3259 732.6752 16.8810 -414.4501 0.0011 0.8964 0.0297 0.4422
40.4297 734.7664 16.9817 -416.0734 0.0021 0.8962 0.0295 0.4426
40.5333 736.8556 17.0795 -417.6935 0.0020 0.8961 0.0296 0.4428
40.6370 738.9533 17.1754 -419.3157 0.0014 0.8961 0.0302 0.4428
40.7406 741.0479 17.2724 -420.9340 0.0003 0.8962 0.0302 0.4427
40.8443 743.1419 17.3715 -422.5508 -0.0001 0.8962 0.0295 0.4426
40.9480 745.2354 17.4672 -424.1692 0.0003 0.8963 0.0284 0.4426
41.0516 747.3289 17.5550 -425.7917 0.0005 0.8961 0.0292 0.4429
41.1552 749.4207 17.6519 -427.4134 0.0013 0.8959 0.0305 0.4433
41.2590 751.5173 17.7541 -429.0362 0.0022 0.8957 0.0313 0.4436
41.3626 753.6116 17.8540 -430.6541 0.0031 0.8955 0.0311 0.4439
41.4663 755.7109 17.9401 -432.2706 0.0037 0.8954 0.0299 0.4442
41.5699 757.8089 18.0221 -433.8840 0.0043 0.8953 0.0290 0.4445
41.6735 759.9091 18.0959 -435.4976 0.0047 0.8950 0.0291 0.4451
41.7773 762.0181 18.1731 -437.1125 0.0044 0.8947 0.0300 0.4456
41.8809 764.1249 18.2548 -438.7221 0.0040 0.8945 0.0302 0.4461
41.9846 766.2346 18.3393 -440.3295 0.0040 0.8943 0.0299 0.4465
42.0884 768.3468 18.4228 -441.9355 0.0036 0.8941 0.0296 0.4470
42.1920 770.4571 18.5028 -443.5378 0.0034 0.8938 0.0297 0.4474
42.2956 772.5730 18.5849 -445.1404 0.0036 0.8936 0.0292 0.4479
42.3993 774.6901 18.6658 -446.7409 0.0033 0.8934 0.0285 0.4484
42.5030 776.8050 18.7482 -448.3389 0.0038 0.8932 0.0289 0.4486
42.6066 778.9176 18.8280 -449.9322 0.0037 0.8931 0.0291 0.4489
42.7102 781.0382 18.9103 -451.5290 0.0032 0.8931 0.0293 0.4489
42.8138 783.1553 18.9943 -453.1207 0.0023 0.8931 0.0293 0.4488
42.9174 785.2706 19.0791 -454.7110 0.0019 0.8933 0.0286 0.4486
43.0212 787.3866 19.1622 -456.3036 0.0019 0.8934 0.0279 0.4485
43.1248 789.4935 19.2437 -457.8927 0.0018 0.8935 0.0278 0.4483
43.2284 791.6044 19.3254 -459.4876 0.0022 0.8936 0.0281 0.4480
43.3320 793.7097 19.4054 -461.0817 0.0027 0.8938 0.0284 0.4476
43.4356 795.8137 19.4858 -462.6772 0.0030 0.8939 0.0286 0.4474
43.5393 797.9140 19.5698 -464.2714 0.0028 0.8940 0.0294 0.4470
43.6429 800.0123 19.6553 -465.8635 0.0025 0.8941 0.0294 0.4469
43.7465 802.1083 19.7379 -467.4543 0.0026 0.8942 0.0279 0.4468
43.8501 804.2028 19.8163 -469.0448 0.0029 0.8942 0.0269 0.4469
43.9537 806.2987 19.8894 -470.6373 0.0034 0.8941 0.0264 0.4470
44.0575 808.3959 19.9625 -472.2307 0.0034 0.8940 0.0269 0.4472
44.1611 810.4902 20.0369 -473.8196 0.0033 0.8938 0.0271 0.4475
44.2647 812.5910 20.1144 -475.4125 0.0035 0.8937 0.0275 0.4479
44.3683 814.6888 20.1941 -477.0013 0.0039 0.8934 0.0281 0.4483
44.4719 816.7915 20.2732 -478.5905 0.0043 0.8931 0.0284 0.4489
44.5755 818.8949 20.3538 -480.1748 0.0045 0.8928 0.0285 0.4496
44.6791 821.0023 20.4356 -481.7573 0.0045 0.8925 0.0287 0.4502
44.7829 823.1164 20.5169 -483.3404 0.0047 0.8921 0.0289 0.4508
44.8865 825.2301 20.5991 -484.9182 0.0046 0.8918 0.0290 0.4515
44.9901 827.3472 20.6839 -486.4927 0.0041 0.8915 0.0295 0.4521
45.0937 829.4645 20.7707 -488.0614 0.0036 0.8912 0.0298 0.4526
45.1974 831.5909 20.8580 -489.6319 0.0032 0.8910 0.0289 0.4531
45.3010 833.7229 20.9460 -491.2049 0.0031 0.8907 0.0288 0.4536
45.4047 835.8541 21.0341 -492.7761 0.0035 0.8905 0.0292 0.4540
45.5083 837.9860 21.1229 -494.3446 0.0034 0.8904 0.0294 0.4542
45.6121 840.1199 21.2121 -495.9132 0.0034 0.8904 0.0295 0.4542
45.7157 842.2623 21.3036 -497.4854 0.0022 0.8904 0.0304 0.4541
45.8194 844.4038 21.3978 -499.0558 0.0016 0.8905 0.0301 0.4539
45.9230 846.5437 21.4944 -500.6257 0.0009 0.8906 0.0298 0.4538
46.0266 848.6827 21.5873 -502.1964 0.0010 0.8906 0.0288 0.4538
46.1303 850.8213 21.6791 -503.7670 0.0007 0.8905 0.0289 0.4541
46.2339 852.9722 21.7734 -505.3431 0.0001 0.8903 0.0295 0.4543
46.3375 855.1147 21.8660 -506.9135 0.0003 0.8903 0.0287 0.4545
46.4411 857.2619 21.9564 -508.4874 0.0007 0.8902 0.0281 0.4547
46.5447 859.4084 22.0476 -510.0613 0.0014 0.8901 0.0289 0.4549
46.6483 861.5570 22.1402 -511.6370 0.0012 0.8900 0.0300 0.4550
46.7521 863.7104 22.2364 -513.2137 0.0009 0.8899 0.0311 0.4551
46.8557 865.8589 22.3343 -514.7848 0.0006 0.8898 0.0312 0.4552
46.9594 868.0116 22.4364 -516.3554 -0.0001 0.8897 0.0318 0.4555
47.0631 870.1571 22.5359 -517.9222 0.0005 0.8894 0.0315 0.4560
47.1666 872.2938 22.6329 -519.4836 0.0015 0.8891 0.0315 0.4566
47.2702 874.4419 22.7299 -521.0493 0.0026 0.8887 0.0320 0.4573
47.3738 876.5885 22.8266 -522.6080 0.0029 0.8883 0.0325 0.4581
47.4774 878.7368 22.9250 -524.1609 0.0026 0.8879 0.0333 0.4589
47.5810 880.8822 23.0239 -525.7065 0.0026 0.8875 0.0337 0.4595
47.6848 883.0323 23.1254 -527.2479 0.0025 0.8872 0.0343 0.4601
47.7893 885.2001 23.2296 -528.7963 0.0019 0.8869 0.0343 0.4607
47.8921 887.3238 23.3297 -530.3079 0.0015 0.8866 0.0338 0.4613
47.9958 889.4706 23.4309 -531.8310 0.0013 0.8863 0.0335 0.4619
48.0995 891.6091 23.5326 -533.3456 0.0013 0.8860 0.0338 0.4625
48.2032 893.7550 23.6342 -534.8619 0.0015 0.8856 0.0338 0.4631
48.3068 895.8952 23.7341 -536.3697 0.0019 0.8853 0.0337 0.4637
48.4104 898.0347 23.8353 -537.8732 0.0015 0.8851 0.0343 0.4642
48.5142 900.1742 23.9414 -539.3743 0.0018 0.8848 0.0350 0.4646
48.6178 902.3079 24.0486 -540.8662 0.0015 0.8846 0.0350 0.4650
48.7217 904.4565 24.1589 -542.3632 0.0011 0.8844 0.0350 0.4654
48.8252 906.5910 24.2671 -543.8481 0.0011 0.8842 0.0346 0.4658
48.9288 908.7272 24.3729 -545.3321 0.0007 0.8841 0.0342 0.4661
49.0324 910.8623 24.4797 -546.8143 0.0005 0.8840 0.0340 0.4663
49.1360 912.9899 24.5849 -548.2919 0.0010 0.8838 0.0339 0.4665
49.2395 915.1230 24.6880 -549.7727 0.0019 0.8838 0.0334 0.4668
49.3432 917.2617 24.7891 -551.2578 0.0019 0.8837 0.0340 0.4669
49.4467 919.4006 24.8947 -552.7312 0.0016 0.8835 0.0356 0.4671
49.5506 921.5445 25.0140 -554.2024 0.0007 0.8835 0.0355 0.4672
49.6541 923.6762 25.1219 -555.6621 0.0013 0.8836 0.0315 0.4672
49.7576 925.8066 25.2101 -557.1257 0.0021 0.8836 0.0291 0.4673
49.8612 927.9450 25.3008 -558.5951 0.0004 0.8836 0.0307 0.4673
49.9648 930.0863 25.4100 -560.0649 -0.0011 0.8834 0.0339 0.4674
50.0685 932.2263 25.5298 -561.5352 -0.0012 0.8833 0.0351 0.4675
50.1720 934.3539 25.6517 -562.9959 -0.0005 0.8832 0.0352 0.4677
50.2756 936.4928 25.7727 -564.4662 0.0001 0.8830 0.0353 0.4680
50.3794 938.6325 25.8923 -565.9327 -0.0001 0.8828 0.0359 0.4683
50.4830 940.7719 26.0141 -567.3969 -0.0008 0.8826 0.0362 0.4687
50.5866 942.9158 26.1376 -568.8595 -0.0012 0.8824 0.0363 0.4690
50.6902 945.0575 26.2601 -570.3220 -0.0004 0.8822 0.0353 0.4695
50.7940 947.2049 26.3816 -571.7862 -0.0001 0.8820 0.0353 0.4700
50.8976 949.3532 26.5008 -573.2481 0.0002 0.8816 0.0357 0.4706
51.0013 951.5077 26.6208 -574.7102 0.0002 0.8814 0.0359 0.4711
51.1051 953.6604 26.7423 -576.1661 0.0005 0.8811 0.0356 0.4715
51.2087 955.8153 26.8617 -577.6191 0.0005 0.8809 0.0354 0.4720
51.3124 957.9804 26.9822 -579.0749 -0.0002 0.8806 0.0361 0.4725
51.4160 960.1378 27.0997 -580.5258 0.0000 0.8804 0.0364 0.4728
51.5198 962.3019 27.2201 -581.9778 -0.0005 0.8801 0.0373 0.4732
51.6234 964.4640 27.3483 -583.4246 -0.0016 0.8799 0.0392 0.4736
51.7271 966.6368 27.4845 -584.8741 -0.0030 0.8797 0.0398 0.4739
51.8307 968.8004 27.6278 -586.3150 -0.0036 0.8796 0.0398 0.4741
51.9345 970.9633 27.7662 -587.7582 -0.0025 0.8796 0.0389 0.4742
52.0381 973.1252 27.8996 -589.2041 -0.0009 0.8795 0.0389 0.4743
52.1418 975.2876 28.0299 -590.6491 -0.0002 0.8795 0.0393 0.4743
52.2454 977.4553 28.1605 -592.0933 -0.0004 0.8795 0.0390 0.4743
52.3492 979.6246 28.2919 -593.5333 -0.0022 0.8795 0.0383 0.4743
52.4530 981.7949 28.4240 -594.9757 -0.0024 0.8797 0.0371 0.4741
52.5567 983.9617 28.5546 -596.4211 -0.0017 0.8797 0.0372 0.4741
52.6603 986.1268 28.6843 -597.8687 -0.0008 0.8796 0.0386 0.4742
52.7639 988.2929 28.8146 -599.3177 0.0002 0.8795 0.0390 0.4744
52.8676 990.4617 28.9454 -600.7664 0.0010 0.8794 0.0389 0.4745
52.9713 992.6304 29.0744 -602.2122 0.0010 0.8793 0.0390 0.4746
53.0749 994.7990 29.2036 -603.6558 0.0009 0.8792 0.0393 0.4748
53.1785 996.9663 29.3324 -605.0961 0.0009 0.8791 0.0391 0.4751
53.2822 999.1375 29.4585 -606.5369 0.0010 0.8789 0.0383 0.4754
53.3858 1001.3040 29.5812 -607.9732 0.0009 0.8788 0.0381 0.4757
53.4895 1003.4710 29.7030 -609.4078 0.0008 0.8786 0.0384 0.4760
53.5931 1005.6370 29.8268 -610.8397 0.0003 0.8784 0.0393 0.4763
53.6967 1007.8060 29.9555 -612.2697 -0.0005 0.8782 0.0400 0.4766
53.8003 1009.9730 30.0873 -613.6954 -0.0014 0.8782 0.0398 0.4767
53.9040 1012.1370 30.2178 -615.1186 -0.0012 0.8781 0.0385 0.4768
54.0076 1014.2980 30.3449 -616.5381 -0.0014 0.8781 0.0375 0.4771
54.1114 1016.4580 30.4710 -617.9592 -0.0010 0.8779 0.0378 0.4773
54.2150 1018.6160 30.5983 -619.3811 -0.0007 0.8778 0.0385 0.4774
54.3188 1020.7730 30.7231 -620.8006 -0.0001 0.8777 0.0382 0.4776
54.4224 1022.9250 30.8453 -622.2172 0.0004 0.8777 0.0386 0.4777
54.5260 1025.0740 30.9672 -623.6311 0.0009 0.8775 0.0395 0.4779
54.6297 1027.2190 31.0878 -625.0420 0.0022 0.8774 0.0396 0.4780
54.7333 1029.3670 31.2093 -626.4527 0.0025 0.8772 0.0400 0.4784
54.8371 1031.5140 31.3327 -627.8572 0.0019 0.8770 0.0402 0.4787
54.9407 1033.6580 31.4568 -629.2527 0.0006 0.8769 0.0390 0.4791
55.0443 1035.8040 31.5822 -630.6416 -0.0017 0.8768 0.0380 0.4794
55.1480 1037.9420 31.7070 -632.0242 -0.0028 0.8767 0.0366 0.4797
55.2515 1040.0880 31.8281 -633.4108 -0.0032 0.8765 0.0351 0.4801
55.3553 1042.2310 31.9467 -634.7988 -0.0024 0.8762 0.0352 0.4807
55.4589 1044.3720 32.0646 -636.1849 -0.0021 0.8758 0.0362 0.4812
55.5625 1046.5140 32.1865 -637.5675 -0.0016 0.8755 0.0371 0.4819
55.6662 1048.6560 32.3105 -638.9462 -0.0012 0.8751 0.0377 0.4824
55.7699 1050.7960 32.4317 -640.3174 -0.0008 0.8749 0.0367 0.4829
55.8736 1052.9400 32.5472 -641.6850 -0.0004 0.8747 0.0355 0.4833
55.9773 1055.0840 32.6596 -643.0515 0.0003 0.8745 0.0354 0.4837
56.0809 1057.2260 32.7743 -644.4173 0.0006 0.8742 0.0372 0.4842
56.1845 1059.3740 32.8986 -645.7840 -0.0001 0.8739 0.0392 0.4845
56.2881 1061.5250 33.0293 -647.1441 -0.0009 0.8737 0.0392 0.4849
56.3917 1063.6740 33.1613 -648.4919 -0.0031 0.8736 0.0382 0.4852
56.4953 1065.8210 33.2906 -649.8375 -0.0044 0.8735 0.0367 0.4854
56.5989 1067.9660 33.4162 -651.1855 -0.0047 0.8735 0.0360 0.4855
56.7024 1070.1120 33.5383 -652.5347 -0.0042 0.8734 0.0352 0.4857
56.8060 1072.2570 33.6574 -653.8847 -0.0035 0.8734 0.0350 0.4858
56.9096 1074.4010 33.7743 -655.2353 -0.0027 0.8733 0.0352 0.4859
57.0134 1076.5470 33.8903 -656.5901 -0.0012 0.8733 0.0360 0.4859
57.1170 1078.6870 34.0047 -657.9412 -0.0005 0.8732 0.0368 0.4860
57.2206 1080.8400 34.1249 -659.2934 -0.0015 0.8731 0.0377 0.4861
57.3242 1082.9860 34.2479 -660.6391 -0.0015 0.8730 0.0375 0.4862
57.4277 1085.1280 34.3671 -661.9814 -0.0002 0.8729 0.0363 0.4866
57.5314 1087.2700 34.4808 -663.3284 0.0023 0.8726 0.0360 0.4871
57.6350 1089.4130 34.5871 -664.6693 0.0033 0.8721 0.0359 0.4879
57.7386 1091.5680 34.6943 -666.0140 0.0031 0.8718 0.0371 0.4884
57.8422 1093.7180 34.8058 -667.3474 0.0038 0.8716 0.0363 0.4888
57.9458 1095.8780 34.9210 -668.6777 0.0012 0.8714 0.0378 0.4892
58.0495 1098.0410 35.0470 -670.0112 -0.0004 0.8712 0.0394 0.4894
58.1532 1100.1950 35.1798 -671.3409 -0.0002 0.8709 0.0403 0.4898
58.2568 1102.3540 35.3110 -672.6726 0.0007 0.8707 0.0395 0.4903
58.3604 1104.5070 35.4337 -673.9958 0.0016 0.8704 0.0381 0.4908
58.4640 1106.6680 35.5487 -675.3171 0.0013 0.8702 0.0379 0.4913
58.5676 1108.8290 35.6654 -676.6374 0.0011 0.8699 0.0383 0.4917
58.6714 1110.9930 35.7854 -677.9581 0.0010 0.8696 0.0384 0.4922
58.7750 1113.1570 35.9047 -679.2720 0.0005 0.8694 0.0389 0.4926
58.8787 1115.3260 36.0266 -680.5868 0.0002 0.8691 0.0395 0.4930
58.9825 1117.4940 36.1482 -681.8958 0.0002 0.8689 0.0393 0.4934
59.0861 1119.6590 36.2686 -683.2010 0.0008 0.8687 0.0386 0.4939
59.1898 1121.8380 36.3880 -684.5117 0.0008 0.8684 0.0382 0.4944
59.2936 1124.0190 36.5111 -685.8237 0.0002 0.8682 0.0383 0.4948
59.3972 1126.1980 36.6345 -687.1319 0.0001 0.8679 0.0384 0.4952
59.5009 1128.3810 36.7567 -688.4392 0.0009 0.8677 0.0380 0.4957
59.6046 1130.5640 36.8746 -689.7431 0.0011 0.8674 0.0371 0.4962
59.7083 1132.7530 36.9903 -691.0464 0.0010 0.8671 0.0368 0.4967
59.8120 1134.9460 37.1027 -692.3504 0.0013 0.8669 0.0364 0.4971
59.9157 1137.1430 37.2124 -693.6540 0.0017 0.8667 0.0361 0.4975
60.0195 1139.3410 37.3220 -694.9554 0.0018 0.8665 0.0363 0.4979
60.1231 1141.5410 37.4326 -696.2551 0.0017 0.8662 0.0366 0.4983
60.2268 1143.7490 37.5467 -697.5560 0.0015 0.8660 0.0366 0.4986
60.3305 1145.9540 37.6611 -698.8522 0.0008 0.8659 0.0366 0.4988
60.4341 1148.1630 37.7764 -700.1487 0.0004 0.8659 0.0363 0.4989
60.5378 1150.3760 37.8913 -701.4450 -0.0001 0.8659 0.0358 0.4989
60.6414 1152.5850 38.0068 -702.7408 -0.0004 0.8660 0.0362 0.4987
60.7452 1154.8000 38.1245 -704.0408 -0.0002 0.8661 0.0363 0.4986
60.8488 1157.0120 38.2436 -705.3377 0.0003 0.8662 0.0358 0.4985
60.9524 1159.2290 38.3621 -706.6378 0.0002 0.8662 0.0365 0.4984
61.0561 1161.4480 38.4824 -707.9363 0.0007 0.8662 0.0368 0.4983
61.1598 1163.6630 38.6007 -709.2369 0.0017 0.8663 0.0359 0.4982
61.2634 1165.8860 38.7171 -710.5384 0.0016 0.8663 0.0363 0.4982
61.3670 1168.1100 38.8346 -711.8436 0.0008 0.8663 0.0368 0.4981
61.4706 1170.3370 38.9554 -713.1505 0.0009 0.8664 0.0368 0.4980
61.5742 1172.5620 39.0773 -714.4590 0.0018 0.8663 0.0363 0.4981
61.6778 1174.7900 39.1933 -715.7678 0.0030 0.8662 0.0357 0.4984
61.7841 1177.0830 39.3079 -717.1122 0.0030 0.8660 0.0363 0.4987
61.8852 1179.2710 39.4187 -718.3940 0.0025 0.8658 0.0372 0.4990
61.9889 1181.5160 39.5415 -719.7105 0.0015 0.8657 0.0389 0.4991
62.0924 1183.7580 39.6707 -721.0223 0.0011 0.8656 0.0394 0.4992
62.1966 1186.0210 39.8023 -722.3448 0.0008 0.8655 0.0391 0.4993
62.3000 1188.2720 39.9327 -723.6591 0.0008 0.8655 0.0380 0.4994
62.4034 1190.5240 40.0601 -724.9743 0.0009 0.8654 0.0376 0.4996
62.5070 1192.7840 40.1860 -726.2948 0.0010 0.8653 0.0378 0.4999
62.6110 1195.0540 40.3096 -727.6201 0.0014 0.8651 0.0375 0.5003
62.7141 1197.3150 40.4325 -728.9370 0.0020 0.8648 0.0371 0.5007
62.8177 1199.5850 40.5533 -730.2584 0.0025 0.8646 0.0366 0.5011
62.9216 1201.8670 40.6720 -731.5819 0.0025 0.8644 0.0368 0.5015
63.0250 1204.1420 40.7900 -732.8978 0.0025 0.8642 0.0375 0.5018
63.1286 1206.4170 40.9064 -734.2126 0.0026 0.8640 0.0376 0.5021
63.2322 1208.7090 41.0256 -735.5340 0.0025 0.8638 0.0379 0.5024
63.3357 1210.9930 41.1444 -736.8459 0.0019 0.8636 0.0382 0.5028
63.4393 1213.2830 41.2651 -738.1592 0.0020 0.8634 0.0380 0.5031
63.5429 1215.5780 41.3833 -739.4756 0.0023 0.8631 0.0383 0.5036
63.6465 1217.8740 41.5024 -740.7904 0.0027 0.8627 0.0381 0.5043
63.7500 1220.1730 41.6173 -742.1052 0.0033 0.8623 0.0374 0.5051
63.8536 1222.4780 41.7298 -743.4152 0.0036 0.8618 0.0367 0.5058
63.9572 1224.7870 41.8374 -744.7223 0.0042 0.8614 0.0359 0.5066
64.0607 1227.1010 41.9435 -746.0279 0.0044 0.8610 0.0358 0.5073
64.1643 1229.4160 42.0499 -747.3281 0.0043 0.8606 0.0361 0.5079
64.2680 1231.7440 42.1583 -748.6314 0.0035 0.8604 0.0361 0.5084
64.3716 1234.0740 42.2695 -749.9294 0.0033 0.8602 0.0352 0.5087
64.4752 1236.4050 42.3792 -751.2267 0.0034 0.8601 0.0341 0.5090
64.5787 1238.7350 42.4843 -752.5197 0.0036 0.8600 0.0334 0.5093
64.6826 1241.0820 42.5865 -753.8235 0.0043 0.8598 0.0333 0.5095
64.7859 1243.4230 42.6865 -755.1203 0.0044 0.8596 0.0337 0.5099
64.8896 1245.7710 42.7869 -756.4194 0.0045 0.8594 0.0340 0.5101
64.9931 1248.1230 42.8875 -757.7175 0.0042 0.8593 0.0341 0.5104
65.0968 1250.4780 42.9908 -759.0137 0.0036 0.8591 0.0343 0.5107
65.2004 1252.8410 43.0976 -760.3120 0.0032 0.8589 0.0346 0.5110
65.3041 1255.2090 43.2069 -761.6116 0.0029 0.8587 0.0350 0.5113
65.4077 1257.5790 43.3206 -762.9110 0.0027 0.8584 0.0362 0.5116
65.5114 1259.9490 43.4359 -764.2087 0.0032 0.8582 0.0362 0.5120
65.6150 1262.3180 43.5478 -765.5015 0.0039 0.8581 0.0346 0.5123
65.7193 1264.7160 43.6518 -766.8074 0.0051 0.8580 0.0320 0.5126
65.8225 1267.0840 43.7395 -768.0952 0.0069 0.8579 0.0292 0.5130
65.9261 1269.4730 43.8160 -769.3932 0.0073 0.8576 0.0289 0.5134
66.0298 1271.8680 43.8932 -770.6928 0.0067 0.8574 0.0302 0.5138
66.1334 1274.2610 43.9766 -771.9869 0.0064 0.8572 0.0305 0.5141
66.2372 1276.6700 44.0663 -773.2870 0.0054 0.8570 0.0317 0.5142
66.3409 1279.0740 44.1590 -774.5821 0.0047 0.8569 0.0324 0.5144
66.4445 1281.4780 44.2525 -775.8763 0.0048 0.8568 0.0327 0.5146
66.5482 1283.8850 44.3466 -777.1708 0.0048 0.8566 0.0328 0.5149
66.6519 1286.2900 44.4388 -778.4617 0.0051 0.8565 0.0323 0.5152
66.7555 1288.6960 44.5285 -779.7516 0.0053 0.8563 0.0317 0.5154
66.8591 1291.1030 44.6141 -781.0407 0.0057 0.8562 0.0309 0.5156
66.9627 1293.5100 44.6961 -782.3282 0.0062 0.8561 0.0306 0.5159
67.0663 1295.9190 44.7763 -783.6147 0.0060 0.8559 0.0310 0.5162
67.1700 1298.3290 44.8587 -784.8990 0.0056 0.8557 0.0313 0.5165
67.2736 1300.7420 44.9412 -786.1825 0.0057 0.8556 0.0310 0.5167
67.3772 1303.1540 45.0228 -787.4640 0.0056 0.8555 0.0311 0.5169
67.4808 1305.5610 45.1037 -788.7421 0.0061 0.8553 0.0308 0.5172
67.5843 1307.9660 45.1814 -790.0173 0.0067 0.8551 0.0302 0.5175
67.6879 1310.3800 45.2549 -791.2954 0.0073 0.8550 0.0295 0.5177
67.7915 1312.7940 45.3249 -792.5713 0.0074 0.8549 0.0294 0.5179
67.8951 1315.2080 45.3932 -793.8437 0.0070 0.8547 0.0295 0.5182
67.9987 1317.6240 45.4636 -795.1168 0.0065 0.8545 0.0303 0.5185
68.1023 1320.0320 45.5383 -796.3846 0.0071 0.8543 0.0307 0.5188
68.2059 1322.4490 45.6265 -797.6481 0.0077 0.8542 0.0301 0.5191
68.3095 1324.8670 45.7072 -798.9070 0.0076 0.8540 0.0299 0.5194
68.4130 1327.2870 45.8007 -800.1723 0.0072 0.8539 0.0297 0.5196
68.5166 1329.7090 45.8666 -801.4285 0.0073 0.8538 0.0290 0.5198
68.6202 1332.1230 45.9201 -802.6887 0.0077 0.8536 0.0276 0.5201
68.7237 1334.5420 45.9696 -803.9500 0.0081 0.8535 0.0267 0.5203
68.8273 1336.9620 46.0154 -805.2106 0.0080 0.8534 0.0271 0.5205
68.9309 1339.3800 46.0642 -806.4689 0.0081 0.8532 0.0280 0.5208
69.0344 1341.7970 46.1146 -807.7231 0.0078 0.8531 0.0285 0.5210
69.1380 1344.2120 46.1692 -808.9741 0.0079 0.8530 0.0277 0.5212
69.2416 1346.6380 46.2196 -810.2296 0.0080 0.8529 0.0267 0.5214
69.3452 1349.0580 46.2719 -811.4819 0.0082 0.8528 0.0264 0.5216
69.4489 1351.4780 46.3203 -812.7339 0.0086 0.8526 0.0260 0.5218
69.5525 1353.9020 46.3659 -813.9856 0.0087 0.8525 0.0261 0.5221
69.6561 1356.3190 46.4117 -815.2327 0.0087 0.8523 0.0266 0.5223
69.7597 1358.7410 46.4585 -816.4808 0.0085 0.8521 0.0269 0.5226
69.8633 1361.1560 46.5073 -817.7234 0.0084 0.8520 0.0267 0.5228
69.9668 1363.5680 46.5568 -818.9605 0.0082 0.8518 0.0266 0.5230
70.0705 1365.9790 46.6048 -820.1971 0.0086 0.8517 0.0262 0.5233
70.1740 1368.3880 46.6530 -821.4312 0.0083 0.8516 0.0263 0.5235
70.2777 1370.7970 46.7006 -822.6635 0.0084 0.8514 0.0262 0.5237
70.3814 1373.2060 46.7497 -823.8932 0.0086 0.8513 0.0259 0.5240
70.4851 1375.6120 46.7981 -825.1194 0.0088 0.8511 0.0258 0.5243
70.5888 1378.0140 46.8436 -826.3424 0.0097 0.8509 0.0254 0.5246
70.6924 1380.4230 46.8869 -827.5660 0.0100 0.8507 0.0252 0.5250
70.7960 1382.8300 46.9262 -828.7850 0.0105 0.8504 0.0246 0.5255
70.8998 1385.2410 46.9624 -830.0028 0.0106 0.8502 0.0242 0.5258
71.0033 1387.6470 46.9943 -831.2155 0.0108 0.8500 0.0233 0.5261
71.1072 1390.0580 47.0234 -832.4280 0.0105 0.8498 0.0230 0.5265
71.2108 1392.4730 47.0519 -833.6398 0.0101 0.8496 0.0228 0.5268
71.3143 1394.8830 47.0789 -834.8470 0.0097 0.8494 0.0228 0.5272
71.4181 1397.2970 47.1078 -836.0545 0.0098 0.8492 0.0227 0.5276
71.5218 1399.7120 47.1356 -837.2586 0.0097 0.8489 0.0231 0.5280
71.6254 1402.1180 47.1649 -838.4586 0.0098 0.8487 0.0231 0.5283
71.7292 1404.5310 47.1942 -839.6596 0.0104 0.8485 0.0231 0.5287
71.8329 1406.9400 47.2209 -840.8560 0.0106 0.8482 0.0233 0.5290
71.9365 1409.3450 47.2475 -842.0488 0.0109 0.8480 0.0236 0.5294
72.0403 1411.7480 47.2706 -843.2372 0.0114 0.8477 0.0230 0.5298
72.1440 1414.1450 47.2926 -844.4199 0.0117 0.8475 0.0226 0.5302
72.2476 1416.5450 47.3126 -845.6026 0.0120 0.8473 0.0221 0.5306
72.3514 1418.9420 47.3287 -846.7820 0.0127 0.8470 0.0218 0.5309
72.4550 1421.3380 47.3420 -847.9587 0.0130 0.8468 0.0218 0.5313
72.5586 1423.7390 47.3582 -849.1316 0.0126 0.8466 0.0219 0.5316
72.6623 1426.1370 47.3743 -850.3038 0.0124 0.8465 0.0215 0.5319
72.7661 1428.5400 47.3911 -851.4737 0.0125 0.8463 0.0211 0.5321
72.8697 1430.9390 47.4061 -852.6428 0.0128 0.8462 0.0202 0.5323
72.9734 1433.3380 47.4164 -853.8098 0.0131 0.8460 0.0195 0.5326
73.0772 1435.7350 47.4214 -854.9747 0.0133 0.8459 0.0193 0.5328
73.1808 1438.1340 47.4235 -856.1389 0.0133 0.8457 0.0194 0.5331
73.2844 1440.5370 47.4265 -857.3020 0.0126 0.8456 0.0198 0.5334
73.3881 1442.9360 47.4324 -858.4621 0.0125 0.8454 0.0195 0.5336
73.4917 1445.3300 47.4389 -859.6177 0.0129 0.8453 0.0192 0.5338
73.5954 1447.7210 47.4462 -860.7713 0.0127 0.8450 0.0194 0.5342
73.6990 1450.1160 47.4520 -861.9226 0.0126 0.8449 0.0192 0.5345
73.8027 1452.5090 47.4564 -863.0706 0.0126 0.8448 0.0189 0.5347
73.9063 1454.8990 47.4595 -864.2129 0.0124 0.8446 0.0190 0.5349
74.0101 1457.2880 47.4646 -865.3539 0.0123 0.8445 0.0195 0.5351
74.1137 1459.6720 47.4699 -866.4905 0.0123 0.8443 0.0200 0.5354
74.2174 1462.0580 47.4740 -867.6272 0.0122 0.8441 0.0203 0.5357
74.3210 1464.4320 47.4798 -868.7581 0.0125 0.8439 0.0205 0.5360
74.4247 1466.8070 47.4760 -869.8865 0.0125 0.8437 0.0203 0.5363
74.5284 1469.1820 47.4669 -871.0138 0.0124 0.8436 0.0203 0.5365
74.6320 1471.5500 47.4603 -872.1350 0.0125 0.8434 0.0199 0.5368
74.7358 1473.9200 47.4507 -873.2573 0.0127 0.8432 0.0199 0.5371
74.8394 1476.2830 47.4392 -874.3734 0.0125 0.8431 0.0198 0.5373
74.9430 1478.6420 47.4268 -875.4851 0.0124 0.8429 0.0199 0.5376
75.0467 1481.0010 47.4248 -876.5934 0.0123 0.8428 0.0200 0.5377
75.1503 1483.3480 47.4259 -877.6953 0.0119 0.8428 0.0199 0.5378
75.2540 1485.6960 47.4361 -878.7965 0.0114 0.8428 0.0203 0.5377
75.3577 1488.0420 47.4480 -879.8970 0.0113 0.8428 0.0209 0.5376
75.4614 1490.3810 47.4567 -880.9934 0.0112 0.8429 0.0211 0.5376
75.5650 1492.7120 47.4680 -882.0850 0.0109 0.8428 0.0212 0.5376
75.6688 1495.0410 47.4788 -883.1750 0.0109 0.8428 0.0207 0.5377
75.7724 1497.3630 47.4916 -884.2612 0.0108 0.8428 0.0205 0.5377
75.8762 1499.6860 47.5140 -885.3464 0.0102 0.8427 0.0211 0.5378
75.9798 1501.9960 47.5321 -886.4270 0.0109 0.8426 0.0211 0.5379
76.0833 1504.2980 47.5440 -887.5023 0.0116 0.8425 0.0203 0.5382
76.1869 1506.6080 47.5539 -888.5793 0.0115 0.8423 0.0206 0.5385
76.2905 1508.9130 47.5655 -889.6524 0.0116 0.8421 0.0217 0.5388
76.3941 1511.2160 47.5803 -890.7229 0.0114 0.8419 0.0226 0.5390
76.4976 1513.5100 47.5975 -891.7874 0.0118 0.8417 0.0220 0.5393
76.6012 1515.8010 47.6112 -892.8485 0.0123 0.8416 0.0217 0.5395
76.7049 1518.0960 47.6240 -893.9096 0.0126 0.8414 0.0213 0.5398
76.8084 1520.3880 47.6331 -894.9665 0.0122 0.8413 0.0216 0.5401
76.9120 1522.6760 47.6460 -896.0191 0.0116 0.8411 0.0223 0.5404
77.0156 1524.9610 47.6674 -897.0705 0.0114 0.8409 0.0227 0.5406
77.1192 1527.2420 47.6871 -898.1170 0.0110 0.8407 0.0229 0.5409
77.2228 1529.5230 47.7052 -899.1623 0.0112 0.8406 0.0228 0.5411
77.3264 1531.7950 47.7202 -900.2017 0.0121 0.8404 0.0216 0.5414
77.4300 1534.0670 47.7313 -901.2401 0.0129 0.8402 0.0206 0.5417
77.5336 1536.3370 47.7382 -902.2742 0.0124 0.8400 0.0211 0.5421
77.6372 1538.6050 47.7508 -903.3060 0.0115 0.8398 0.0221 0.5423
77.7409 1540.8730 47.7693 -904.3349 0.0104 0.8396 0.0236 0.5426
77.8445 1543.1340 47.7935 -905.3584 0.0103 0.8394 0.0238 0.5429
77.9483 1545.3920 47.8168 -906.3787 0.0106 0.8393 0.0230 0.5431
78.0518 1547.6410 47.8334 -907.3939 0.0111 0.8391 0.0220 0.5434
78.1555 1549.8840 47.8479 -908.4067 0.0118 0.8389 0.0223 0.5438
78.2592 1552.1340 47.8603 -909.4203 0.0118 0.8386 0.0228 0.5441
78.3628 1554.3740 47.8727 -910.4252 0.0109 0.8385 0.0228 0.5443
78.4664 1556.6110 47.8877 -911.4271 0.0102 0.8386 0.0230 0.5442
78.5700 1558.8420 47.9047 -912.4266 0.0096 0.8387 0.0229 0.5440
78.6738 1561.0710 47.9262 -913.4263 0.0087 0.8389 0.0236 0.5437
78.7774 1563.2920 47.9500 -914.4261 0.0089 0.8392 0.0238 0.5433
78.8810 1565.5070 47.9740 -915.4256 0.0093 0.8394 0.0234 0.5429
78.9846 1567.7160 47.9971 -916.4241 0.0093 0.8396 0.0229 0.5426
79.0883 1569.9200 48.0198 -917.4222 0.0092 0.8398 0.0230 0.5423
79.1918 1572.1260 48.0438 -918.4232 0.0090 0.8400 0.0228 0.5421
79.2956 1574.3310 48.0680 -919.4263 0.0087 0.8402 0.0233 0.5418
79.3992 1576.5280 48.0930 -920.4289 0.0091 0.8404 0.0233 0.5414
79.5028 1578.7230 48.1192 -921.4312 0.0094 0.8405 0.0230 0.5412
79.6064 1580.9100 48.1431 -922.4315 0.0095 0.8407 0.0229 0.5409
79.7101 1583.1060 48.1661 -923.4386 0.0097 0.8410 0.0231 0.5405
79.8138 1585.2940 48.1891 -924.4438 0.0097 0.8413 0.0232 0.5400
79.9174 1587.4770 48.2116 -925.4494 0.0091 0.8418 0.0234 0.5392
80.0210 1589.6560 48.2364 -926.4574 0.0085 0.8425 0.0236 0.5381
80.1246 1591.8250 48.2626 -927.4666 0.0077 0.8432 0.0236 0.5370
80.2284 1593.9980 48.2902 -928.4840 0.0074 0.8440 0.0239 0.5358
80.3320 1596.1560 48.3194 -929.5025 0.0074 0.8447 0.0242 0.5347
80.4356 1598.3090 48.3491 -930.5255 0.0073 0.8454 0.0242 0.5336
80.5393 1600.4560 48.3780 -931.5523 0.0070 0.8461 0.0238 0.5324
80.6430 1602.5940 48.4055 -932.5808 0.0068 0.8469 0.0235 0.5311
80.7467 1604.7280 48.4341 -933.6148 0.0065 0.8478 0.0232 0.5297
80.8503 1606.8510 48.4614 -934.6535 0.0062 0.8487 0.0237 0.5284
80.9541 1608.9680 48.4920 -935.6991 0.0065 0.8493 0.0245 0.5273
81.0577 1611.0790 48.5262 -936.7470 0.0063 0.8499 0.0252 0.5263
81.1614 1613.1770 48.5611 -937.7953 0.0063 0.8505 0.0252 0.5253
81.2650 1615.2760 48.5970 -938.8488 0.0062 0.8511 0.0250 0.5244
81.3688 1617.3650 48.6332 -939.9034 0.0060 0.8516 0.0249 0.5235
81.4724 1619.4460 48.6701 -940.9606 0.0058 0.8521 0.0254 0.5227
81.5760 1621.5140 48.7077 -942.0174 0.0066 0.8524 0.0254 0.5222
81.6796 1623.5820 48.7455 -943.0798 0.0074 0.8526 0.0260 0.5219
81.7831 1625.6390 48.7811 -944.1387 0.0081 0.8527 0.0261 0.5216
81.8867 1627.6920 48.8136 -945.1948 0.0087 0.8530 0.0252 0.5213
81.9904 1629.7390 48.8434 -946.2493 0.0084 0.8532 0.0243 0.5210
82.0940 1631.7800 48.8718 -947.3020 0.0082 0.8534 0.0241 0.5207
82.1976 1633.8190 48.8979 -948.3574 0.0084 0.8535 0.0240 0.5204
82.3012 1635.8480 48.9225 -949.4093 0.0090 0.8537 0.0237 0.5202
82.4049 1637.8760 48.9471 -950.4616 0.0088 0.8537 0.0242 0.5201
82.5085 1639.8980 48.9746 -951.5090 0.0083 0.8537 0.0246 0.5201
82.6122 1641.9050 49.0026 -952.5509 0.0087 0.8537 0.0241 0.5202
82.7159 1643.9200 49.0308 -953.5981 0.0085 0.8535 0.0244 0.5204
82.8195 1645.9270 49.0612 -954.6358 0.0077 0.8532 0.0247 0.5209
82.9231 1647.9290 49.0936 -955.6718 0.0077 0.8529 0.0259 0.5214
83.0269 1649.9310 49.1307 -956.7025 0.0072 0.8523 0.0278 0.5222
83.1305 1651.9260 49.1778 -957.7232 0.0068 0.8518 0.0290 0.5231
83.2342 1653.9220 49.2277 -958.7392 0.0062 0.8513 0.0288 0.5238
83.3379 1655.9070 49.2740 -959.7429 0.0060 0.8508 0.0267 0.5247
83.4416 1657.8880 49.3106 -960.7445 0.0097 0.8502 0.0244 0.5258
83.5452 1659.8680 49.3367 -961.7407 0.0115 0.8494 0.0238 0.5270
83.6488 1661.8570 49.3637 -962.7322 0.0109 0.8485 0.0261 0.5284
83.7525 1663.8450 49.3985 -963.7141 0.0107 0.8477 0.0268 0.5298
83.8563 1665.8350 49.4388 -964.6864 0.0098 0.8469 0.0277 0.5309
83.9600 1667.8280 49.4812 -965.6520 0.0087 0.8463 0.0282 0.5319
84.0636 1669.8130 49.5242 -966.6100 0.0090 0.8458 0.0281 0.5327
84.1674 1671.7970 49.5646 -967.5649 0.0100 0.8453 0.0283 0.5334
84.2710 1673.7860 49.6060 -968.5170 0.0097 0.8448 0.0293 0.5342
84.3751 1675.7820 49.6513 -969.4644 0.0089 0.8444 0.0290 0.5349
84.4784 1677.7610 49.6965 -970.3985 0.0079 0.8442 0.0283 0.5351
84.5821 1679.7400 49.7400 -971.3312 0.0074 0.8442 0.0274 0.5353
84.6857 1681.7230 49.7818 -972.2641 0.0066 0.8441 0.0269 0.5355
84.7894 1683.7030 49.8233 -973.1964 0.0060 0.8440 0.0269 0.5357
84.8932 1685.6820 49.8656 -974.1288 0.0057 0.8439 0.0272 0.5357
84.9968 1687.6550 49.9091 -975.0597 0.0061 0.8439 0.0274 0.5357
85.1005 1689.6210 49.9526 -975.9855 0.0060 0.8439 0.0272 0.5358
85.2041 1691.5850 49.9958 -976.9105 0.0061 0.8439 0.0270 0.5357
85.3077 1693.5460 50.0378 -977.8338 0.0063 0.8439 0.0267 0.5357
85.4114 1695.5060 50.0783 -978.7577 0.0065 0.8439 0.0270 0.5358
85.5150 1697.4600 50.1202 -979.6789 0.0065 0.8437 0.0278 0.5360
85.6188 1699.4160 50.1651 -980.5994 0.0064 0.8435 0.0288 0.5363
85.7231 1701.3780 50.2114 -981.5203 0.0064 0.8433 0.0286 0.5366
85.8265 1703.3210 50.2583 -982.4311 0.0065 0.8431 0.0292 0.5369
85.9298 1705.2580 50.3057 -983.3354 0.0058 0.8429 0.0290 0.5373
86.0337 1707.2060 50.3551 -984.2435 0.0057 0.8426 0.0292 0.5377
86.1374 1709.1440 50.4060 -985.1451 0.0056 0.8423 0.0299 0.5382
86.2408 1711.0780 50.4568 -986.0442 0.0067 0.8418 0.0295 0.5389
86.3445 1713.0110 50.5041 -986.9390 0.0082 0.8413 0.0286 0.5397
86.4484 1714.9500 50.5462 -987.8314 0.0083 0.8409 0.0281 0.5404
86.5519 1716.8810 50.5893 -988.7143 0.0070 0.8404 0.0294 0.5411
86.6556 1718.8150 50.6389 -989.5928 0.0054 0.8400 0.0299 0.5418
86.7594 1720.7480 50.6922 -990.4667 0.0046 0.8396 0.0299 0.5424
86.8630 1722.6780 50.7471 -991.3366 0.0038 0.8391 0.0303 0.5431
86.9669 1724.6080 50.8039 -992.2037 0.0036 0.8387 0.0305 0.5437
87.0705 1726.5280 50.8588 -993.0631 0.0039 0.8383 0.0296 0.5444
87.1741 1728.4440 50.9131 -993.9181 0.0037 0.8380 0.0301 0.5449
87.2783 1730.3690 50.9695 -994.7738 0.0033 0.8376 0.0312 0.5453
87.3817 1732.2610 51.0212 -995.6156 0.0040 0.8375 0.0297 0.5457
87.4853 1734.1590 51.0717 -996.4578 0.0043 0.8373 0.0297 0.5459
87.5890 1736.0380 51.1220 -997.2930 0.0057 0.8371 0.0306 0.5461
87.6927 1737.9150 51.1702 -998.1264 0.0067 0.8370 0.0313 0.5462
87.7963 1739.7760 51.2185 -998.9527 0.0072 0.8370 0.0330 0.5462
87.9001 1741.6290 51.2688 -999.7741 0.0073 0.8371 0.0339 0.5460
88.0038 1743.4750 51.3225 -1000.5900 0.0067 0.8372 0.0338 0.5458
88.1074 1745.3080 51.3757 -1001.3980 0.0059 0.8374 0.0329 0.5456
88.2116 1747.1510 51.4477 -1002.1990 0.0050 0.8377 0.0316 0.5453
88.3150 1748.9710 51.5081 -1002.9900 0.0043 0.8379 0.0309 0.5449
88.4185 1750.7840 51.5599 -1003.7880 0.0037 0.8381 0.0308 0.5446
88.5223 1752.5920 51.6063 -1004.5890 0.0032 0.8383 0.0313 0.5443
88.6260 1754.3880 51.6539 -1005.3750 0.0026 0.8385 0.0314 0.5440
88.7298 1756.1870 51.7058 -1006.1650 0.0015 0.8388 0.0315 0.5435
88.8335 1757.9740 51.7627 -1006.9570 0.0006 0.8392 0.0320 0.5429
88.9373 1759.7510 51.8231 -1007.7510 0.0003 0.8396 0.0324 0.5422
89.0410 1761.5130 51.8834 -1008.5440 0.0010 0.8399 0.0330 0.5417
89.1446 1763.2610 51.9528 -1009.3350 0.0017 0.8402 0.0345 0.5412
89.2482 1764.9980 52.0104 -1010.1230 0.0028 0.8404 0.0360 0.5407
89.3519 1766.7200 52.0706 -1010.9090 0.0044 0.8407 0.0368 0.5402
89.4555 1768.4240 52.1290 -1011.6900 0.0062 0.8410 0.0372 0.5397
89.5592 1770.1130 52.1861 -1012.4670 0.0074 0.8413 0.0381 0.5391
89.6628 1771.7860 52.2429 -1013.2420 0.0087 0.8416 0.0390 0.5386
89.7665 1773.4470 52.3003 -1014.0140 0.0103 0.8420 0.0396 0.5379
89.8703 1775.0970 52.3576 -1014.7850 0.0116 0.8424 0.0402 0.5372
89.9740 1776.7310 52.4143 -1015.5520 0.0126 0.8430 0.0407 0.5363
90.0776 1778.3500 52.4713 -1016.3160 0.0135 0.8436 0.0415 0.5352
90.1813 1779.9540 52.5286 -1017.0800 0.0147 0.8442 0.0426 0.5342
90.2851 1781.5390 52.5861 -1017.8400 0.0161 0.8448 0.0435 0.5331
90.3888 1783.1040 52.6425 -1018.5960 0.0173 0.8454 0.0444 0.5320
90.4924 1784.6490 52.6980 -1019.3470 0.0181 0.8464 0.0446 0.5304
90.5962 1786.1780 52.7544 -1020.0970 0.0182 0.8477 0.0451 0.5282
90.6999 1787.6880 52.8114 -1020.8500 0.0182 0.8493 0.0458 0.5255
90.8035 1789.1780 52.8701 -1021.6040 0.0185 0.8512 0.0464 0.5225
90.9073 1790.6440 52.9287 -1022.3590 0.0188 0.8532 0.0465 0.5191
91.0110 1792.0930 52.9876 -1023.1190 0.0183 0.8557 0.0462 0.5152
91.1146 1793.5080 53.0449 -1023.8810 0.0179 0.8587 0.0455 0.5102
91.2184 1794.9180 53.1041 -1024.6650 0.0177 0.8622 0.0450 0.5043
91.3221 1796.3050 53.1625 -1025.4670 0.0181 0.8659 0.0452 0.4978
91.4258 1797.6450 53.2256 -1026.2690 0.0187 0.8698 0.0459 0.4908
91.5296 1798.9860 53.2864 -1027.1050 0.0199 0.8738 0.0468 0.4836
91.6332 1800.3030 53.3495 -1027.9570 0.0206 0.8778 0.0477 0.4762
91.7369 1801.5730 53.4186 -1028.8140 0.0216 0.8820 0.0486 0.4683
91.8407 1802.8490 53.4875 -1029.7050 0.0217 0.8863 0.0490 0.4601
91.9444 1804.0700 53.5569 -1030.5930 0.0223 0.8907 0.0487 0.4515
92.0482 1805.3020 53.6278 -1031.5250 0.0231 0.8952 0.0486 0.4424
92.1519 1806.5120 53.7020 -1032.4790 0.0228 0.8997 0.0502 0.4329
92.2557 1807.6590 53.7813 -1033.4360 0.0232 0.9044 0.0511 0.4229
92.3594 1808.8230 53.8637 -1034.4390 0.0231 0.9092 0.0517 0.4126
92.4631 1809.9650 53.9489 -1035.4670 0.0225 0.9139 0.0520 0.4021
92.5669 1811.0320 54.0316 -1036.4860 0.0225 0.9186 0.0515 0.3912
92.6705 1812.1200 54.1192 -1037.5630 0.0223 0.9234 0.0510 0.3798
92.7742 1813.1270 54.2074 -1038.6310 0.0219 0.9281 0.0514 0.3680
92.8780 1814.1630 54.2975 -1039.7640 0.0218 0.9328 0.0525 0.3558
92.9817 1815.1690 54.3936 -1040.9210 0.0213 0.9373 0.0543 0.3436
93.0854 1816.0830 54.4943 -1042.0620 0.0202 0.9417 0.0558 0.3311
93.1892 1817.0250 54.5985 -1043.2660 0.0212 0.9461 0.0559 0.3184
93.2929 1817.9310 54.7046 -1044.4840 0.0214 0.9503 0.0545 0.3058
93.3965 1818.7440 54.8101 -1045.6930 0.0220 0.9543 0.0540 0.2932
93.5003 1819.5860 54.9160 -1046.9590 0.0221 0.9581 0.0537 0.2804
93.6040 1820.3260 55.0225 -1048.2070 0.0223 0.9619 0.0539 0.2672
93.7077 1821.1000 55.1309 -1049.5170 0.0220 0.9655 0.0549 0.2537
93.8114 1821.8380 55.2436 -1050.8480 0.0217 0.9690 0.0552 0.2399
93.9151 1822.4650 55.3559 -1052.1520 0.0218 0.9724 0.0548 0.2259
94.0189 1823.1240 55.4713 -1053.5180 0.0224 0.9756 0.0543 0.2117
94.1225 1823.7390 55.5860 -1054.8970 0.0227 0.9785 0.0542 0.1978
94.2263 1824.2550 55.7036 -1056.2600 0.0224 0.9812 0.0552 0.1838
94.3298 1824.7950 55.8235 -1057.6720 0.0217 0.9837 0.0559 0.1696
94.4336 1825.2280 55.9407 -1059.0560 0.0209 0.9860 0.0559 0.1555
94.5372 1825.6880 56.0666 -1060.4910 0.0204 0.9882 0.0551 0.1415
94.6408 1826.1050 56.1903 -1061.9340 0.0202 0.9901 0.0550 0.1278
94.7445 1826.4180 56.3163 -1063.3570 0.0206 0.9917 0.0558 0.1143
94.8483 1826.7580 56.4440 -1064.8250 0.0204 0.9931 0.0558 0.1007
94.9519 1827.0540 56.5732 -1066.3000 0.0209 0.9944 0.0559 0.0871
95.0557 1827.2480 56.7028 -1067.7440 0.0206 0.9955 0.0562 0.0736
95.1594 1827.4640 56.8352 -1069.2300 0.0202 0.9964 0.0559 0.0599
95.2631 1827.6400 56.9688 -1070.7260 0.0206 0.9972 0.0553 0.0462
95.3667 1827.7170 57.0995 -1072.1850 0.0203 0.9977 0.0551 0.0330
95.4705 1827.8120 57.2322 -1073.6870 0.0207 0.9981 0.0547 0.0201
95.5741 1827.8120 57.3658 -1075.1520 0.0209 0.9982 0.0548 0.0074
95.6778 1827.8300 57.4993 -1076.6580 0.0209 0.9982 0.0552 -0.0054
95.7816 1827.8120 57.6360 -1078.1650 0.0208 0.9981 0.0551 -0.0181
95.8852 1827.6960 57.7698 -1079.6360 0.0207 0.9978 0.0546 -0.0310
95.9888 1827.6010 57.9077 -1081.1390 0.0202 0.9974 0.0536 -0.0440
96.0925 1827.4680 58.0440 -1082.6430 0.0200 0.9968 0.0520 -0.0574
96.1962 1827.2340 58.1719 -1084.1110 0.0195 0.9960 0.0510 -0.0707
96.2998 1827.0230 58.3023 -1085.6150 0.0185 0.9950 0.0510 -0.0843
96.4034 1826.7040 58.4359 -1087.0720 0.0183 0.9937 0.0514 -0.0981
96.5071 1826.4100 58.5661 -1088.5690 0.0179 0.9922 0.0526 -0.1118
96.6109 1826.0760 58.7032 -1090.0560 0.0176 0.9905 0.0528 -0.1257
96.7145 1825.6330 58.8338 -1091.4890 0.0173 0.9887 0.0514 -0.1398
96.8182 1825.2140 58.9696 -1092.9540 0.0172 0.9867 0.0507 -0.1537
96.9218 1824.7550 59.1020 -1094.4100 0.0169 0.9844 0.0509 -0.1675
97.0256 1824.1830 59.2354 -1095.8110 0.0170 0.9819 0.0511 -0.1814
97.1293 1823.6430 59.3685 -1097.2400 0.0166 0.9792 0.0511 -0.1955
97.2331 1823.0600 59.4951 -1098.6480 0.0161 0.9763 0.0508 -0.2099
97.3368 1822.3570 59.6068 -1099.9950 0.0157 0.9731 0.0500 -0.2244
97.4404 1821.6840 59.7205 -1101.3640 0.0151 0.9696 0.0498 -0.2390
97.5442 1820.8890 59.8423 -1102.6600 0.0148 0.9659 0.0495 -0.2536
97.6479 1820.1390 59.9436 -1103.9940 0.0140 0.9620 0.0494 -0.2681
97.7516 1819.3520 60.0521 -1105.3050 0.0140 0.9579 0.0493 -0.2825
97.8552 1818.4500 60.1596 -1106.5420 0.0139 0.9536 0.0495 -0.2967
97.9590 1817.5890 60.2709 -1107.7990 0.0135 0.9491 0.0494 -0.3109
98.0627 1816.6940 60.3835 -1109.0290 0.0134 0.9443 0.0488 -0.3251
98.1665 1815.6850 60.4913 -1110.1820 0.0129 0.9394 0.0484 -0.3392
98.2701 1814.7230 60.6023 -1111.3510 0.0124 0.9342 0.0475 -0.3532
98.3738 1813.6460 60.7122 -1112.4430 0.0124 0.9288 0.0473 -0.3672
98.4775 1812.6140 60.8208 -1113.5510 0.0123 0.9232 0.0477 -0.3811
98.5811 1811.5510 60.9301 -1114.6260 0.0119 0.9174 0.0471 -0.3951
98.6848 1810.3780 61.0359 -1115.6220 0.0114 0.9113 0.0464 -0.4090
98.7884 1809.2490 61.1442 -1116.6310 0.0109 0.9051 0.0451 -0.4226
98.8922 1808.0880 61.2488 -1117.6060 0.0104 0.8989 0.0440 -0.4359
98.9958 1806.8250 61.3490 -1118.5050 0.0101 0.8924 0.0435 -0.4489
99.0995 1805.6030 61.4484 -1119.4120 0.0099 0.8859 0.0434 -0.4617
99.2031 1804.2840 61.5468 -1120.2460 0.0098 0.8792 0.0439 -0.4743
99.3067 1803.0080 61.6458 -1121.0870 0.0094 0.8725 0.0433 -0.4866
99.4104 1801.7060 61.7435 -1121.8920 0.0085 0.8657 0.0426 -0.4987
99.5140 1800.3150 61.8391 -1122.6230 0.0087 0.8589 0.0423 -0.5103
99.6177 1798.9600 61.9342 -1123.3580 0.0087 0.8522 0.0419 -0.5214
99.7213 1797.5790 62.0292 -1124.0580 0.0089 0.8456 0.0411 -0.5322
99.8251 1796.1240 62.1173 -1124.6920 0.0089 0.8389 0.0398 -0.5427
99.9287 1794.7010 62.2073 -1125.3250 0.0084 0.8323 0.0395 -0.5528
100.0324 1793.2530 62.2953 -1125.9280 0.0087 0.8256 0.0400 -0.5628
100.1362 1791.7420 62.3852 -1126.4710 0.0079 0.8189 0.0407 -0.5725
100.2398 1790.2580 62.4744 -1127.0040 0.0076 0.8123 0.0391 -0.5818
100.3435 1788.7160 62.5609 -1127.4850 0.0072 0.8061 0.0388 -0.5905
100.4471 1787.1940 62.6448 -1127.9550 0.0074 0.8001 0.0386 -0.5986
100.5508 1785.6540 62.7281 -1128.3950 0.0079 0.7944 0.0379 -0.6062
100.6544 1784.0750 62.8087 -1128.7930 0.0082 0.7891 0.0375 -0.6131
100.7580 1782.5060 62.8908 -1129.1800 0.0083 0.7842 0.0362 -0.6193
100.8616 1780.9220 62.9707 -1129.5410 0.0084 0.7797 0.0348 -0.6252
100.9652 1779.3110 63.0473 -1129.8730 0.0085 0.7753 0.0338 -0.6306
101.0688 1777.7020 63.1223 -1130.1930 0.0089 0.7711 0.0333 -0.6357
101.1724 1776.0820 63.1950 -1130.4940 0.0088 0.7672 0.0328 -0.6405
101.2762 1774.4390 63.2674 -1130.7710 0.0088 0.7634 0.0326 -0.6451
101.3798 1772.7970 63.3392 -1131.0380 0.0080 0.7598 0.0326 -0.6493
101.4834 1771.1350 63.4117 -1131.2840 0.0080 0.7565 0.0327 -0.6532
101.5870 1769.4790 63.4836 -1131.5170 0.0085 0.7537 0.0331 -0.6563
101.6906 1767.7960 63.5580 -1131.7400 0.0093 0.7515 0.0332 -0.6588
101.7943 1766.1130 63.6322 -1131.9490 0.0096 0.7497 0.0326 -0.6609
101.8979 1764.4280 63.7060 -1132.1520 0.0097 0.7479 0.0328 -0.6629
102.0016 1762.7360 63.7787 -1132.3480 0.0097 0.7461 0.0331 -0.6650
102.1052 1761.0460 63.8511 -1132.5340 0.0094 0.7444 0.0334 -0.6668
102.2089 1759.3530 63.9228 -1132.7130 0.0092 0.7430 0.0336 -0.6684
102.3126 1757.6550 63.9948 -1132.8850 0.0093 0.7418 0.0340 -0.6697
102.4162 1755.9590 64.0668 -1133.0510 0.0093 0.7408 0.0340 -0.6708
102.5200 1754.2610 64.1379 -1133.2100 0.0092 0.7399 0.0337 -0.6718
102.6236 1752.5650 64.2081 -1133.3660 0.0088 0.7392 0.0334 -0.6726
102.7273 1750.8630 64.2789 -1133.5190 0.0091 0.7386 0.0332 -0.6733
102.8309 1749.1630 64.3481 -1133.6690 0.0090 0.7381 0.0332 -0.6738
102.9347 1747.4580 64.4172 -1133.8180 0.0088 0.7377 0.0332 -0.6743
103.0383 1745.7550 64.4864 -1133.9640 0.0089 0.7372 0.0331 -0.6748
103.1420 1744.0510 64.5566 -1134.1080 0.0095 0.7368 0.0335 -0.6752
103.2457 1742.3420 64.6286 -1134.2510 0.0096 0.7365 0.0337 -0.6755
103.3494 1740.6350 64.7018 -1134.3910 0.0099 0.7360 0.0341 -0.6760
103.4530 1738.9290 64.7756 -1134.5300 0.0099 0.7356 0.0343 -0.6765
103.5567 1737.2200 64.8495 -1134.6670 0.0094 0.7352 0.0341 -0.6769
103.6603 1735.5160 64.9220 -1134.8020 0.0091 0.7348 0.0339 -0.6774
103.7641 1733.8100 64.9947 -1134.9340 0.0096 0.7344 0.0343 -0.6778
103.8677 1732.1150 65.0659 -1135.0640 0.0097 0.7339 0.0349 -0.6783
103.9713 1730.4260 65.1367 -1135.1920 0.0096 0.7334 0.0349 -0.6788
104.0751 1728.7480 65.2051 -1135.3190 0.0083 0.7331 0.0345 -0.6792
104.1787 1727.0750 65.2717 -1135.4410 0.0076 0.7326 0.0339 -0.6798
104.2823 1725.4040 65.3348 -1135.5610 0.0071 0.7321 0.0334 -0.6804
104.3860 1723.7400 65.3948 -1135.6760 0.0066 0.7315 0.0328 -0.6810
104.4898 1722.0820 65.4527 -1135.7880 0.0066 0.7307 0.0326 -0.6819
104.5934 1720.4320 65.5124 -1135.8940 0.0071 0.7294 0.0329 -0.6832
104.6973 1718.7870 65.5695 -1135.9950 0.0069 0.7277 0.0336 -0.6850
104.8009 1717.1610 65.6247 -1136.0860 0.0063 0.7255 0.0336 -0.6874
104.9046 1715.5350 65.6795 -1136.1610 0.0058 0.7227 0.0340 -0.6903
105.0084 1713.9310 65.7320 -1136.2250 0.0052 0.7195 0.0339 -0.6936
105.1121 1712.3410 65.7823 -1136.2710 0.0052 0.7159 0.0336 -0.6974
105.2159 1710.7460 65.8327 -1136.2950 0.0050 0.7118 0.0342 -0.7015
105.3194 1709.1840 65.8801 -1136.3080 -0.0046 -0.7070 -0.0348 0.7064
105.4232 1707.6130 65.9272 -1136.2850 -0.0042 -0.7015 -0.0349 0.7118
105.5269 1706.0780 65.9713 -1136.2530 -0.0035 -0.6955 -0.0348 0.7176
105.6307 1704.5650 66.0123 -1136.1940 -0.0024 -0.6891 -0.0340 0.7239
105.7344 1703.0310 66.0478 -1136.0850 -0.0017 -0.6820 -0.0332 0.7306
105.8381 1701.5480 66.0812 -1135.9670 -0.0010 -0.6744 -0.0323 0.7377
105.9419 1700.0820 66.1104 -1135.8210 -0.0007 -0.6663 -0.0316 0.7450
106.0456 1698.5860 66.1365 -1135.6130 -0.0009 -0.6578 -0.0314 0.7526
106.1494 1697.1550 66.1621 -1135.4010 -0.0008 -0.6484 -0.0307 0.7607
106.2531 1695.6690 66.1865 -1135.1020 0.0002 -0.6381 -0.0299 0.7693
106.3570 1694.2410 66.2104 -1134.7910 0.0007 -0.6274 -0.0291 0.7782
106.4608 1692.8350 66.2180 -1134.4720 0.0011 -0.6162 -0.0276 0.7871
106.5645 1691.3710 66.2073 -1134.0670 0.0011 -0.6047 -0.0251 0.7960
106.6682 1689.9910 66.1959 -1133.6710 0.0014 -0.5930 -0.0239 0.8048
106.7719 1688.6210 66.1712 -1133.2320 0.0010 -0.5808 -0.0222 0.8138
106.8757 1687.1970 66.1438 -1132.6930 0.0006 -0.5680 -0.0215 0.8228
106.9793 1685.8700 66.0964 -1132.1710 0.0002 -0.5545 -0.0210 0.8319
107.0832 1684.4760 66.0623 -1131.5410 0.0002 -0.5402 -0.0205 0.8413
107.1869 1683.2000 66.0178 -1130.9350 0.0010 -0.5253 -0.0202 0.8507
107.2905 1681.9610 65.9845 -1130.2840 0.0024 -0.5101 -0.0188 0.8599
107.3943 1680.6430 65.9424 -1129.5200 0.0036 -0.4947 -0.0173 0.8689
107.4980 1679.4570 65.9076 -1128.7770 0.0035 -0.4795 -0.0166 0.8774
107.6016 1678.3060 65.8710 -1127.9960 0.0037 -0.4640 -0.0153 0.8857
107.7054 1677.0790 65.8276 -1127.1020 0.0044 -0.4480 -0.0144 0.8939
107.8091 1675.9890 65.7890 -1126.2400 0.0042 -0.4319 -0.0141 0.9018
107.9128 1674.8260 65.7459 -1125.2670 0.0044 -0.4155 -0.0141 0.9095
108.0164 1673.8110 65.7067 -1124.3290 0.0053 -0.3989 -0.0130 0.9169
108.1202 1672.8310 65.6632 -1123.3550 0.0070 -0.3824 -0.0119 0.9239
108.2239 1671.7870 65.6131 -1122.2740 0.0080 -0.3659 -0.0101 0.9306
108.3276 1670.8840 65.5628 -1121.2270 0.0086 -0.3493 -0.0086 0.9369
108.4312 1670.0250 65.5095 -1120.1490 0.0095 -0.3325 -0.0070 0.9430
108.5349 1669.0990 65.4475 -1118.9720 0.0101 -0.3157 -0.0057 0.9488
108.6388 1668.3190 65.3889 -1117.8310 0.0108 -0.2989 -0.0039 0.9542
108.7426 1667.4810 65.3222 -1116.5990 0.0123 -0.2824 -0.0025 0.9592
108.8459 1666.7830 65.2539 -1115.4080 0.0143 -0.2663 -0.0005 0.9638
108.9497 1666.1160 65.1850 -1114.1830 0.0150 -0.2508 0.0011 0.9679
109.0532 1665.4090 65.1046 -1112.8810 0.0139 -0.2360 0.0021 0.9717
109.1569 1664.8170 65.0325 -1111.6090 0.0139 -0.2212 0.0037 0.9751
109.2605 1664.2670 64.9583 -1110.3200 0.0146 -0.2065 0.0052 0.9783
109.3644 1663.6790 64.8765 -1108.9600 0.0159 -0.1917 0.0070 0.9813
109.4679 1663.2090 64.7951 -1107.6370 0.0180 -0.1768 0.0093 0.9840
109.5716 1662.7810 64.7129 -1106.2970 0.0183 -0.1614 0.0092 0.9867
109.6753 1662.3010 64.6243 -1104.8780 0.0166 -0.1453 0.0087 0.9892
109.7791 1661.9580 64.5380 -1103.5070 0.0154 -0.1284 0.0071 0.9916
109.8827 1661.5620 64.4691 -1102.0620 0.0192 -0.1111 0.0075 0.9936
109.9864 1661.3190 64.3632 -1100.6850 0.0259 -0.0939 0.0078 0.9952
110.0901 1661.1150 64.2655 -1099.2840 0.0280 -0.0772 0.0076 0.9966
110.1939 1660.8750 64.1444 -1097.8020 0.0256 -0.0609 0.0087 0.9978
110.2976 1660.7720 64.0517 -1096.3700 0.0224 -0.0444 0.0105 0.9987
110.4014 1660.7240 63.9535 -1094.9390 0.0216 -0.0276 0.0126 0.9993
110.5051 1660.6240 63.8605 -1093.4440 0.0231 -0.0106 0.0136 0.9996
110.6089 1660.6660 63.7565 -1092.0140 0.0258 0.0062 0.0141 0.9995
110.7125 1660.6650 63.6535 -1090.5160 0.0282 0.0230 0.0143 0.9992
110.8162 1660.8080 63.5390 -1089.0810 0.0299 0.0398 0.0147 0.9987
110.9200 1660.9980 63.4239 -1087.6490 0.0304 0.0567 0.0139 0.9978
111.0236 1661.1400 63.3055 -1086.1590 0.0302 0.0736 0.0137 0.9967
111.1273 1661.4230 63.1884 -1084.7360 0.0298 0.0904 0.0122 0.9954
111.2310 1661.7520 63.0726 -1083.3120 0.0307 0.1068 0.0120 0.9937
111.3347 1662.0490 62.9569 -1081.8410 0.0311 0.1225 0.0116 0.9919
111.4384 1662.4690 62.8424 -1080.4240 0.0311 0.1375 0.0116 0.9899
111.5420 1662.8690 62.7241 -1078.9680 0.0308 0.1517 0.0123 0.9879
111.6458 1663.3740 62.6149 -1077.5560 0.0300 0.1651 0.0130 0.9857
111.7494 1663.9140 62.5042 -1076.1480 0.0294 0.1776 0.0133 0.9836
111.8530 1664.4450 62.3967 -1074.7190 0.0298 0.1894 0.0141 0.9813
111.9566 1665.0550 62.2866 -1073.3250 0.0308 0.2001 0.0143 0.9792
112.0602 1665.6910 62.1766 -1071.9330 0.0319 0.2095 0.0160 0.9772
112.1638 1666.3340 62.0622 -1070.5340 0.0326 0.2180 0.0171 0.9752
112.2684 1667.0400 61.9526 -1069.1310 0.0315 0.2259 0.0186 0.9735
112.3709 1667.7480 61.8436 -1067.7570 0.0301 0.2335 0.0188 0.9717
112.4746 1668.4710 61.7387 -1066.3650 0.0304 0.2411 0.0194 0.9698
112.5782 1669.2330 61.6328 -1064.9890 0.0311 0.2479 0.0192 0.9681
112.6817 1670.0110 61.5260 -1063.6110 0.0323 0.2535 0.0205 0.9666
112.7856 1670.8200 61.4185 -1062.2270 0.0317 0.2576 0.0215 0.9655
112.8898 1671.6400 61.3103 -1060.8400 0.0310 0.2605 0.0215 0.9647
112.9924 1672.4550 61.2048 -1059.4640 0.0308 0.2627 0.0210 0.9642
113.0960 1673.2890 61.0989 -1058.0820 0.0306 0.2644 0.0204 0.9637
113.1996 1674.1350 60.9943 -1056.6830 0.0298 0.2656 0.0204 0.9634
113.3032 1674.9890 60.8909 -1055.2780 0.0284 0.2665 0.0209 0.9632
113.4073 1675.8530 60.7900 -1053.8600 0.0279 0.2675 0.0210 0.9629
113.5105 1676.7160 60.6911 -1052.4510 0.0280 0.2684 0.0210 0.9627
113.6142 1677.5910 60.5921 -1051.0330 0.0282 0.2694 0.0210 0.9624
113.7179 1678.4730 60.4919 -1049.6040 0.0287 0.2702 0.0210 0.9621
113.8238 1679.3810 60.3845 -1048.1450 0.0294 0.2712 0.0197 0.9619
113.9252 1680.2590 60.2809 -1046.7390 0.0294 0.2722 0.0198 0.9616
114.0288 1681.1670 60.1761 -1045.2910 0.0280 0.2731 0.0209 0.9613
