0.0000 0.0000 0.0000 0.0000 0.0000 0.0000 -0.0000 1.0000
0.1038 0.0637 -0.0257 0.9226 0.0008 0.0229 0.0005 0.9997
0.2076 0.1682 -0.0361 2.0078 0.0031 0.0455 0.0023 0.9990
0.3116 0.2938 -0.0910 2.9743 0.0049 0.0683 0.0028 0.9976
0.4151 0.4547 -0.0813 4.0007 0.0065 0.0916 0.0022 0.9958
0.5189 0.6942 -0.1272 4.9329 0.0067 0.1147 0.0036 0.9934
0.6227 0.9526 -0.1527 5.8930 0.0075 0.1379 0.0044 0.9904
0.7264 1.2784 -0.1691 6.8955 0.0092 0.1610 0.0062 0.9869
0.8302 1.6160 -0.2593 7.7328 0.0102 0.1830 0.0076 0.9830
0.9340 2.0275 -0.2493 8.6485 0.0108 0.2055 0.0081 0.9786
1.0377 2.4637 -0.2944 9.5642 0.0107 0.2285 0.0088 0.9735
1.1415 2.9351 -0.3438 10.4085 0.0105 0.2512 0.0091 0.9678
1.2451 3.4668 -0.3610 11.2657 0.0106 0.2745 0.0095 0.9615
1.3489 4.0076 -0.3929 12.0333 0.0107 0.2969 0.0100 0.9548
1.4527 4.5943 -0.4534 12.8233 0.0114 0.3191 0.0114 0.9476
1.5564 5.2241 -0.4504 13.6129 0.0120 0.3414 0.0119 0.9398
1.6601 5.8732 -0.5037 14.2936 0.0126 0.3629 0.0140 0.9316
1.7638 6.5527 -0.5353 14.9605 0.0127 0.3845 0.0142 0.9229
1.8677 7.2868 -0.5377 15.6344 0.0135 0.4065 0.0145 0.9134
1.9713 8.0185 -0.5879 16.2291 0.0149 0.4276 0.0161 0.9037
2.0749 8.8011 -0.6153 16.8110 0.0155 0.4489 0.0163 0.8933
2.1787 9.5711 -0.6542 17.3162 0.0167 0.4693 0.0170 0.8827
2.2824 10.3642 -0.6891 17.8007 0.0190 0.4895 0.0180 0.8716
2.3860 11.2606 -0.6990 18.2768 0.0200 0.5093 0.0187 0.8602
2.4896 12.1025 -0.7217 18.6887 0.0208 0.5276 0.0208 0.8490
2.5934 12.9931 -0.7652 19.0796 0.0218 0.5451 0.0227 0.8378
2.6970 13.9232 -0.7931 19.4575 0.0227 0.5614 0.0228 0.8269
2.8006 14.8083 -0.8133 19.7701 0.0224 0.5759 0.0235 0.8169
2.9044 15.7857 -0.8192 20.0644 0.0223 0.5903 0.0249 0.8065
3.0081 16.7217 -0.8508 20.3171 0.0222 0.6041 0.0256 0.7962
3.1117 17.6924 -0.8828 20.5685 0.0218 0.6174 0.0244 0.7860
3.2153 18.6846 -0.8779 20.7888 0.0221 0.6302 0.0240 0.7758
3.3191 19.6677 -0.8927 20.9422 0.0224 0.6421 0.0248 0.7659
3.4228 20.6688 -0.9117 21.1001 0.0225 0.6539 0.0258 0.7558
3.5266 21.7399 -0.9220 21.2268 0.0217 0.6657 0.0260 0.7455
3.6303 22.7844 -0.9255 21.3210 0.0216 0.6766 0.0265 0.7356
3.7339 23.8688 -0.9245 21.3710 0.0222 0.6868 0.0275 0.7260
3.8375 24.9325 -0.9353 21.4169 0.0235 0.6957 0.0291 0.7174
3.9413 26.0201 -0.9291 21.4159 0.0250 0.7038 0.0308 0.7093
4.0449 27.1534 -0.9465 21.3900 0.0267 0.7111 0.0333 0.7018
4.1486 28.2706 -0.9422 21.3703 0.0279 0.7171 0.0353 0.6955
4.2523 29.3939 -0.9394 21.3182 0.0286 0.7225 0.0366 0.6898
4.3560 30.5456 -0.9447 21.2282 0.0292 0.7276 0.0379 0.6843
4.4596 31.6824 -0.9374 21.1633 0.0289 0.7321 0.0387 0.6795
4.5632 32.8255 -0.9328 21.0667 0.0288 0.7362 0.0389 0.6750
4.6669 33.9927 -0.9246 20.9600 0.0295 0.7403 0.0382 0.6706
4.7706 35.1472 -0.9216 20.8294 0.0307 0.7436 0.0374 0.6669
4.8743 36.3420 -0.9131 20.6908 0.0314 0.7470 0.0369 0.6631
4.9780 37.5791 -0.9025 20.5420 0.0318 0.7493 0.0365 0.6605
5.0817 38.8322 -0.8901 20.3818 0.0321 0.7513 0.0364 0.6582
5.1853 40.0978 -0.8894 20.1948 0.0326 0.7532 0.0361 0.6560
5.2889 41.3762 -0.8800 20.0252 0.0330 0.7545 0.0354 0.6545
5.3926 42.6763 -0.8849 19.8426 0.0332 0.7559 0.0352 0.6529
5.4963 44.0326 -0.8789 19.6306 0.0330 0.7569 0.0356 0.6517
5.6000 45.3833 -0.8736 19.4402 0.0324 0.7575 0.0365 0.6510
5.7036 46.7385 -0.8606 19.2414 0.0325 0.7583 0.0370 0.6500
5.8073 48.1527 -0.8699 19.0201 0.0329 0.7590 0.0376 0.6491
5.9110 49.5602 -0.8302 18.8103 0.0332 0.7593 0.0376 0.6488
6.0147 50.9934 -0.8444 18.5791 0.0339 0.7597 0.0378 0.6483
6.1184 52.4461 -0.8117 18.3502 0.0341 0.7596 0.0375 0.6484
6.2219 53.9383 -0.8251 18.1022 0.0343 0.7593 0.0370 0.6488
6.3257 55.4371 -0.8145 17.8644 0.0343 0.7588 0.0369 0.6493
6.4293 56.9286 -0.8038 17.6514 0.0343 0.7585 0.0373 0.6497
6.5330 58.4539 -0.8100 17.4395 0.0345 0.7583 0.0373 0.6499
6.6367 60.0153 -0.7938 17.2009 0.0347 0.7580 0.0369 0.6503
6.7404 61.5844 -0.7896 16.9408 0.0352 0.7576 0.0369 0.6507
6.8441 63.2077 -0.7847 16.6976 0.0350 0.7572 0.0367 0.6512
6.9478 64.8252 -0.7834 16.4540 0.0349 0.7568 0.0377 0.6516
7.0515 66.4694 -0.7683 16.2227 0.0353 0.7566 0.0392 0.6517
7.1552 68.1030 -0.7651 15.9876 0.0363 0.7564 0.0397 0.6519
7.2589 69.7602 -0.7829 15.7357 0.0366 0.7562 0.0392 0.6522
7.3626 71.4331 -0.7627 15.4904 0.0368 0.7559 0.0392 0.6525
7.4662 73.1474 -0.7746 15.2424 0.0367 0.7559 0.0396 0.6525
7.5699 74.8576 -0.7548 14.9806 0.0366 0.7557 0.0397 0.6527
7.6736 76.5842 -0.7643 14.7470 0.0370 0.7558 0.0403 0.6525
7.7773 78.3221 -0.7486 14.4897 0.0373 0.7556 0.0407 0.6527
7.8810 80.0584 -0.7537 14.2328 0.0375 0.7556 0.0404 0.6527
7.9847 81.8546 -0.7432 13.9765 0.0376 0.7560 0.0398 0.6523
8.0884 83.6584 -0.7400 13.7189 0.0376 0.7563 0.0393 0.6519
8.1921 85.4380 -0.7508 13.4427 0.0374 0.7567 0.0389 0.6515
8.2959 87.2511 -0.7404 13.2045 0.0370 0.7572 0.0388 0.6510
8.3995 89.0840 -0.7514 12.9084 0.0366 0.7572 0.0388 0.6510
8.5032 90.9085 -0.7359 12.6484 0.0358 0.7573 0.0384 0.6509
8.6070 92.7973 -0.7513 12.3869 0.0360 0.7581 0.0382 0.6500
8.7107 94.6641 -0.7332 12.0957 0.0360 0.7588 0.0376 0.6492
8.8144 96.5304 -0.7369 11.7985 0.0361 0.7604 0.0375 0.6474
8.9181 98.4149 -0.7327 11.4981 0.0355 0.7619 0.0371 0.6457
9.0219 100.3077 -0.7218 11.1828 0.0348 0.7634 0.0369 0.6439
9.1255 102.2523 -0.7224 10.8499 0.0344 0.7651 0.0361 0.6419
9.2291 104.1570 -0.7293 10.5148 0.0347 0.7665 0.0358 0.6404
9.3328 106.0852 -0.7450 10.1758 0.0352 0.7682 0.0351 0.6383
9.4365 108.0579 -0.7429 9.8150 0.0350 0.7698 0.0346 0.6363
9.5401 109.9735 -0.7474 9.4390 0.0344 0.7714 0.0343 0.6345
9.6439 111.9205 -0.7514 9.0800 0.0334 0.7735 0.0339 0.6320
9.7476 113.8974 -0.7523 8.6671 0.0332 0.7751 0.0340 0.6301
9.8512 115.8632 -0.7443 8.2612 0.0330 0.7769 0.0342 0.6279
9.9549 117.8438 -0.7583 7.8393 0.0335 0.7788 0.0339 0.6255
10.0585 119.8188 -0.7540 7.4063 0.0335 0.7806 0.0334 0.6232
10.1623 121.7962 -0.7711 6.9476 0.0337 0.7824 0.0338 0.6210
10.2660 123.8194 -0.7628 6.4835 0.0334 0.7844 0.0337 0.6184
10.3695 125.8292 -0.7658 6.0032 0.0335 0.7859 0.0334 0.6166
10.4733 127.8393 -0.7677 5.5178 0.0331 0.7878 0.0329 0.6142
10.5770 129.8432 -0.7679 5.0135 0.0332 0.7891 0.0335 0.6125
10.6808 131.8592 -0.7651 4.4854 0.0338 0.7903 0.0346 0.6109
10.7845 133.8858 -0.7664 3.9680 0.0341 0.7915 0.0348 0.6092
10.8884 135.9131 -0.7641 3.4298 0.0342 0.7924 0.0347 0.6081
10.9921 137.9525 -0.7590 2.8912 0.0339 0.7935 0.0345 0.6067
11.0963 140.0272 -0.7572 2.3383 0.0338 0.7947 0.0341 0.6051
11.1997 142.0607 -0.7610 1.7784 0.0333 0.7961 0.0334 0.6034
11.3034 144.1627 -0.7481 1.2097 0.0333 0.7976 0.0334 0.6013
11.4071 146.2031 -0.7559 0.6135 0.0333 0.7990 0.0334 0.5995
11.5106 148.2826 -0.7465 0.0306 0.0333 0.8004 0.0331 0.5976
11.6142 150.4274 -0.7505 -0.5949 0.0332 0.8018 0.0329 0.5958
11.7180 152.4455 -0.7437 -1.2077 0.0330 0.8031 0.0332 0.5941
11.8214 154.5604 -0.7438 -1.8367 0.0330 0.8043 0.0333 0.5924
11.9251 156.6844 -0.7416 -2.4925 0.0334 0.8057 0.0336 0.5904
12.0287 158.8019 -0.7343 -3.1473 0.0336 0.8068 0.0333 0.5889
12.1321 160.9172 -0.7405 -3.8205 0.0343 0.8078 0.0328 0.5875
12.2360 163.0510 -0.7370 -4.5049 0.0347 0.8089 0.0327 0.5860
12.3396 165.1534 -0.7408 -5.2052 0.0348 0.8099 0.0323 0.5846
12.4432 167.3013 -0.7416 -5.8878 0.0347 0.8111 0.0323 0.5831
12.5468 169.4181 -0.7426 -6.6140 0.0348 0.8122 0.0324 0.5814
12.6506 171.5691 -0.7378 -7.3304 0.0351 0.8134 0.0326 0.5797
12.7542 173.6936 -0.7419 -8.0695 0.0358 0.8145 0.0335 0.5781
12.8578 175.8234 -0.7350 -8.7965 0.0361 0.8152 0.0341 0.5770
12.9614 177.9943 -0.7347 -9.5721 0.0359 0.8160 0.0343 0.5759
13.0650 180.1730 -0.7234 -10.3266 0.0356 0.8170 0.0338 0.5746
13.1688 182.3250 -0.7244 -11.0938 0.0359 0.8178 0.0328 0.5735
13.2724 184.4893 -0.7345 -11.8759 0.0360 0.8189 0.0319 0.5719
13.3762 186.7106 -0.7264 -12.6720 0.0361 0.8199 0.0312 0.5706
13.4798 188.8657 -0.7331 -13.4737 0.0357 0.8208 0.0301 0.5694
13.5834 191.0497 -0.7483 -14.2832 0.0363 0.8221 0.0305 0.5674
13.6870 193.2298 -0.7413 -15.1103 0.0358 0.8231 0.0306 0.5660
13.7907 195.4281 -0.7564 -15.9445 0.0356 0.8242 0.0310 0.5644
13.8944 197.6642 -0.7561 -16.8109 0.0356 0.8255 0.0311 0.5625
13.9985 199.8494 -0.7565 -17.6672 0.0352 0.8265 0.0306 0.5609
14.1018 202.0296 -0.7639 -18.5172 0.0352 0.8277 0.0301 0.5593
14.2059 204.2201 -0.7684 -19.4027 0.0352 0.8289 0.0301 0.5575
14.3092 206.4313 -0.7863 -20.3051 0.0357 0.8295 0.0303 0.5566
14.4129 208.6404 -0.7899 -21.2013 0.0359 0.8304 0.0308 0.5552
14.5165 210.8239 -0.7856 -22.1120 0.0363 0.8311 0.0316 0.5540
14.6203 213.0530 -0.7916 -23.0280 0.0366 0.8318 0.0319 0.5530
14.7237 215.2680 -0.8036 -23.9607 0.0368 0.8327 0.0317 0.5516
14.8274 217.4503 -0.8018 -24.8739 0.0369 0.8335 0.0315 0.5504
14.9316 219.6703 -0.8154 -25.8062 0.0370 0.8343 0.0308 0.5493
15.0349 221.8855 -0.8286 -26.7697 0.0370 0.8353 0.0302 0.5476
15.1386 224.0830 -0.8360 -27.6956 0.0367 0.8360 0.0294 0.5467
15.2422 226.2803 -0.8495 -28.6594 0.0369 0.8368 0.0293 0.5455
15.3457 228.5259 -0.8691 -29.6630 0.0374 0.8376 0.0301 0.5441
15.4495 230.6889 -0.8742 -30.6226 0.0372 0.8383 0.0307 0.5430
15.5531 232.9122 -0.8841 -31.5915 0.0367 0.8395 0.0307 0.5413
15.6567 235.0983 -0.9002 -32.5885 0.0362 0.8401 0.0301 0.5404
15.7604 237.3050 -0.9009 -33.5852 0.0358 0.8411 0.0298 0.5388
15.8640 239.5194 -0.9081 -34.5740 0.0352 0.8423 0.0297 0.5371
15.9678 241.6994 -0.9185 -35.5926 0.0350 0.8433 0.0296 0.5355
16.0714 243.8527 -0.9152 -36.6063 0.0346 0.8443 0.0294 0.5339
16.1752 246.0617 -0.9320 -37.6370 0.0342 0.8456 0.0294 0.5319
16.2788 248.2281 -0.9316 -38.6598 0.0339 0.8467 0.0292 0.5302
16.3824 250.3787 -0.9352 -39.7181 0.0339 0.8479 0.0290 0.5284
16.4862 252.5571 -0.9431 -40.7621 0.0340 0.8490 0.0291 0.5264
16.5897 254.7256 -0.9497 -41.8310 0.0339 0.8500 0.0291 0.5249
16.6934 256.9054 -0.9557 -42.9016 0.0335 0.8512 0.0286 0.5229
16.7970 259.0390 -0.9476 -44.0067 0.0337 0.8521 0.0286 0.5215
16.9007 261.1811 -0.9420 -45.1005 0.0339 0.8531 0.0285 0.5198
17.0043 263.3581 -0.9551 -46.2071 0.0345 0.8544 0.0287 0.5177
17.1079 265.4964 -0.9622 -47.3351 0.0357 0.8550 0.0290 0.5165
17.2123 267.6477 -0.9508 -48.4527 0.0361 0.8559 0.0291 0.5150
17.3153 269.8231 -0.9562 -49.5853 0.0371 0.8568 0.0291 0.5135
17.4189 271.9812 -0.9639 -50.7522 0.0382 0.8574 0.0289 0.5124
17.5227 274.1385 -0.9627 -51.8958 0.0388 0.8584 0.0291 0.5106
17.6263 276.3185 -0.9737 -53.0769 0.0390 0.8592 0.0289 0.5093
17.7300 278.4892 -0.9633 -54.2552 0.0389 0.8602 0.0285 0.5076
17.8336 280.6492 -0.9650 -55.4410 0.0393 0.8614 0.0284 0.5056
17.9378 282.8575 -0.9711 -56.6497 0.0392 0.8622 0.0280 0.5043
18.0410 285.0478 -0.9639 -57.8538 0.0389 0.8631 0.0274 0.5029
18.1446 287.2729 -0.9764 -59.1005 0.0393 0.8640 0.0279 0.5012
18.2482 289.4355 -0.9790 -60.3624 0.0395 0.8644 0.0285 0.5004
18.3518 291.6668 -0.9877 -61.6240 0.0398 0.8650 0.0289 0.4993
18.4557 293.8956 -0.9863 -62.8918 0.0396 0.8657 0.0291 0.4981
18.5591 296.1179 -0.9700 -64.1623 0.0394 0.8664 0.0292 0.4970
18.6630 298.3376 -0.9667 -65.4788 0.0396 0.8672 0.0299 0.4955
18.7663 300.5609 -0.9631 -66.7708 0.0396 0.8676 0.0304 0.4947
18.8699 302.7951 -0.9553 -68.0890 0.0398 0.8683 0.0299 0.4935
18.9735 305.0443 -0.9687 -69.4099 0.0398 0.8692 0.0286 0.4920
19.0771 307.2922 -0.9647 -70.7374 0.0393 0.8701 0.0280 0.4905
19.1809 309.5508 -0.9564 -72.0985 0.0381 0.8713 0.0281 0.4885
19.2845 311.8183 -0.9514 -73.4635 0.0368 0.8727 0.0281 0.4860
19.3882 314.0688 -0.9374 -74.8461 0.0361 0.8741 0.0283 0.4837
19.4918 316.3309 -0.9286 -76.2483 0.0359 0.8753 0.0285 0.4814
19.5955 318.5935 -0.9176 -77.6766 0.0368 0.8766 0.0290 0.4789
19.6991 320.8433 -0.9075 -79.1096 0.0373 0.8776 0.0291 0.4770
19.8028 323.1211 -0.8968 -80.5702 0.0373 0.8788 0.0296 0.4748
19.9064 325.3635 -0.8763 -82.0227 0.0372 0.8797 0.0305 0.4730
20.0100 327.6101 -0.8639 -83.4917 0.0364 0.8809 0.0308 0.4709
20.1136 329.8790 -0.8513 -85.0093 0.0360 0.8820 0.0307 0.4688
20.2173 332.1056 -0.8268 -86.5004 0.0357 0.8831 0.0308 0.4669
20.3209 334.3494 -0.8126 -88.0019 0.0362 0.8842 0.0316 0.4646
20.4245 336.5830 -0.7962 -89.5156 0.0359 0.8854 0.0322 0.4623
20.5281 338.7784 -0.7744 -91.0321 0.0350 0.8864 0.0320 0.4605
20.6317 341.0440 -0.7375 -92.6025 0.0349 0.8873 0.0324 0.4587
20.7354 343.2587 -0.7001 -94.1615 0.0348 0.8882 0.0331 0.4569
20.8390 345.4436 -0.6809 -95.7090 0.0337 0.8890 0.0325 0.4555
20.9426 347.6840 -0.6358 -97.3194 0.0324 0.8898 0.0310 0.4542
21.0463 349.8659 -0.6067 -98.8739 0.0309 0.8908 0.0297 0.4523
21.1499 352.1075 -0.5849 -100.4767 0.0295 0.8917 0.0297 0.4506
21.2536 354.3091 -0.5486 -102.0854 0.0296 0.8926 0.0307 0.4488
21.3572 356.4497 -0.5130 -103.6700 0.0296 0.8934 0.0304 0.4473
21.4608 358.6319 -0.4744 -105.2939 0.0282 0.8942 0.0297 0.4457
21.5646 360.8483 -0.4253 -106.9142 0.0272 0.8952 0.0307 0.4438
21.6681 363.0375 -0.3811 -108.5790 0.0263 0.8960 0.0312 0.4422
21.7718 365.1925 -0.3304 -110.2088 0.0254 0.8969 0.0308 0.4404
21.8754 367.3650 -0.2802 -111.8706 0.0252 0.8977 0.0306 0.4389
21.9790 369.5089 -0.2389 -113.5169 0.0250 0.8984 0.0309 0.4375
22.0827 371.6666 -0.1901 -115.1761 0.0247 0.8992 0.0311 0.4357
22.1862 373.8173 -0.1520 -116.8590 0.0231 0.8999 0.0302 0.4344
22.2903 375.9647 -0.1140 -118.5347 0.0194 0.9008 0.0269 0.4329
22.3936 378.0727 -0.0481 -120.1712 0.0193 0.9019 0.0217 0.4310
22.4973 380.2008 -0.0634 -121.8868 0.0235 0.9025 0.0213 0.4296
22.6009 382.3046 -0.0582 -123.5862 0.0256 0.9027 0.0245 0.4288
22.7044 384.4223 -0.0206 -125.3110 0.0232 0.9032 0.0291 0.4276
22.8081 386.5372 0.0535 -127.0103 0.0189 0.9038 0.0320 0.4264
22.9118 388.6590 0.1304 -128.7223 0.0157 0.9048 0.0324 0.4243
23.0154 390.7632 0.2168 -130.4409 0.0154 0.9055 0.0321 0.4229
23.1190 392.8329 0.2753 -132.1609 0.0178 0.9061 0.0323 0.4215
23.2227 394.8876 0.3262 -133.8898 0.0205 0.9069 0.0314 0.4197
23.3264 396.9525 0.3885 -135.6215 0.0217 0.9074 0.0302 0.4186
23.4301 399.0326 0.4475 -137.3847 0.0219 0.9082 0.0304 0.4168
23.5337 401.0670 0.5082 -139.1405 0.0220 0.9091 0.0311 0.4148
23.6373 403.1083 0.5722 -140.8947 0.0218 0.9096 0.0319 0.4138
23.7411 405.1618 0.6325 -142.6571 0.0219 0.9101 0.0321 0.4127
23.8447 407.1867 0.7012 -144.4259 0.0221 0.9106 0.0321 0.4114
23.9484 409.2279 0.7655 -146.1942 0.0223 0.9108 0.0325 0.4109
24.0521 411.2501 0.8242 -147.9737 0.0225 0.9112 0.0334 0.4100
24.1557 413.2878 0.9032 -149.7505 0.0228 0.9113 0.0348 0.4096
24.2594 415.3050 0.9755 -151.5419 0.0231 0.9116 0.0360 0.4089
24.3630 417.3141 1.0481 -153.3187 0.0228 0.9121 0.0353 0.4078
24.4666 419.3337 1.1263 -155.0966 0.0217 0.9124 0.0332 0.4074
24.5702 421.3427 1.2001 -156.8753 0.0210 0.9128 0.0317 0.4066
24.6739 423.3499 1.2656 -158.6747 0.0206 0.9133 0.0319 0.4056
24.7776 425.3514 1.3182 -160.4590 0.0197 0.9134 0.0314 0.4053
24.8812 427.3536 1.3951 -162.2472 0.0188 0.9137 0.0304 0.4048
24.9849 429.3672 1.4647 -164.0595 0.0184 0.9141 0.0303 0.4040
25.0883 431.3562 1.5214 -165.8582 0.0181 0.9140 0.0313 0.4041
25.1919 433.3666 1.6065 -167.6835 0.0182 0.9141 0.0332 0.4037
25.2956 435.3305 1.6921 -169.4458 0.0191 0.9136 0.0366 0.4045
25.3992 437.3360 1.7605 -171.2519 0.0194 0.9131 0.0392 0.4054
25.5028 439.3409 1.8721 -173.0639 0.0178 0.9129 0.0376 0.4060
25.6064 441.3523 1.9833 -174.8260 0.0155 0.9127 0.0336 0.4069
25.7100 443.3597 2.0865 -176.5974 0.0137 0.9124 0.0316 0.4079
25.8136 445.3637 2.1587 -178.3699 0.0133 0.9119 0.0310 0.4091
25.9173 447.3744 2.2221 -180.1312 0.0136 0.9109 0.0315 0.4111
26.0208 449.3924 2.3086 -181.8782 0.0139 0.9102 0.0319 0.4127
26.1245 451.4093 2.3713 -183.6551 0.0131 0.9098 0.0302 0.4138
26.2281 453.4353 2.4545 -185.3784 0.0102 0.9092 0.0287 0.4151
26.3317 455.4893 2.5454 -187.1389 0.0066 0.9092 0.0275 0.4153
26.4354 457.5209 2.6134 -188.8469 0.0037 0.9090 0.0252 0.4159
26.5391 459.5511 2.6874 -190.5608 0.0029 0.9089 0.0243 0.4163
26.6427 461.5950 2.7487 -192.3174 0.0033 0.9087 0.0254 0.4167
26.7463 463.6117 2.8035 -194.0403 0.0035 0.9081 0.0271 0.4178
26.8499 465.6498 2.8934 -195.7487 0.0026 0.9078 0.0274 0.4186
26.9535 467.7101 2.9762 -197.4828 0.0019 0.9077 0.0264 0.4189
27.0573 469.7505 3.0565 -199.1998 0.0019 0.9073 0.0252 0.4196
27.1609 471.8011 3.1337 -200.9119 0.0026 0.9070 0.0246 0.4203
27.2645 473.8154 3.1979 -202.6223 0.0030 0.9068 0.0256 0.4208
27.3682 475.8552 3.2668 -204.3270 0.0036 0.9064 0.0266 0.4217
27.4718 477.9182 3.3368 -206.0373 0.0036 0.9062 0.0268 0.4221
27.5755 479.9700 3.4216 -207.7418 0.0032 0.9058 0.0267 0.4228
27.6792 482.0089 3.5063 -209.4426 0.0030 0.9056 0.0272 0.4232
27.7828 484.0760 3.5781 -211.1232 0.0027 0.9055 0.0275 0.4235
27.8866 486.1205 3.6650 -212.8203 0.0027 0.9052 0.0267 0.4242
27.9902 488.1672 3.7455 -214.5281 0.0029 0.9050 0.0262 0.4245
28.0938 490.2267 3.8189 -216.2129 0.0028 0.9050 0.0266 0.4245
28.1974 492.2933 3.8912 -217.9071 0.0024 0.9048 0.0270 0.4250
28.3010 494.3618 3.9766 -219.6040 0.0019 0.9047 0.0270 0.4251
28.4046 496.4160 4.0540 -221.2875 0.0015 0.9050 0.0270 0.4246
28.5083 498.4866 4.1416 -222.9854 0.0017 0.9050 0.0268 0.4247
28.6119 500.5238 4.2182 -224.6622 0.0016 0.9051 0.0269 0.4243
28.7156 502.5879 4.3045 -226.3816 0.0012 0.9050 0.0274 0.4245
28.8192 504.6631 4.3938 -228.0737 0.0007 0.9051 0.0279 0.4244
28.9228 506.7233 4.4764 -229.7656 0.0003 0.9053 0.0280 0.4238
29.0265 508.7785 4.5701 -231.4593 0.0002 0.9052 0.0277 0.4241
29.1301 510.8489 4.6597 -233.1645 0.0003 0.9052 0.0274 0.4241
29.2338 512.8808 4.7451 -234.8520 0.0005 0.9054 0.0275 0.4238
29.3374 514.9320 4.8371 -236.5339 0.0005 0.9051 0.0276 0.4242
29.4410 516.9915 4.9196 -238.2204 0.0003 0.9053 0.0275 0.4238
29.5447 519.0465 4.9999 -239.9174 0.0002 0.9051 0.0271 0.4243
29.6483 521.0904 5.0957 -241.5971 -0.0001 0.9052 0.0272 0.4241
29.7520 523.1615 5.1787 -243.2983 -0.0003 0.9052 0.0278 0.4240
29.8556 525.1999 5.2807 -244.9848 -0.0006 0.9050 0.0284 0.4244
29.9591 527.2523 5.3714 -246.6798 -0.0005 0.9050 0.0283 0.4244
30.0627 529.3055 5.4614 -248.3780 0.0000 0.9051 0.0284 0.4243
30.1664 531.3539 5.5525 -250.0764 0.0003 0.9049 0.0287 0.4247
30.2700 533.4308 5.6443 -251.7693 -0.0001 0.9049 0.0290 0.4247
30.3736 535.4854 5.7470 -253.4539 -0.0004 0.9051 0.0287 0.4243
30.4772 537.5410 5.8342 -255.1516 -0.0004 0.9049 0.0286 0.4246
30.5808 539.6052 5.9387 -256.8485 -0.0008 0.9050 0.0291 0.4245
30.6845 541.6640 6.0324 -258.5398 -0.0013 0.9052 0.0297 0.4240
30.7882 543.7316 6.1370 -260.2428 -0.0018 0.9051 0.0298 0.4241
30.8918 545.7916 6.2303 -261.9298 -0.0017 0.9054 0.0289 0.4236
30.9956 547.8375 6.3320 -263.5989 -0.0013 0.9054 0.0276 0.4237
31.0991 549.9060 6.4219 -265.3247 -0.0012 0.9053 0.0276 0.4238
31.2028 551.9620 6.5247 -267.0119 -0.0014 0.9055 0.0287 0.4235
31.3065 554.0232 6.6299 -268.7133 -0.0015 0.9053 0.0297 0.4237
31.4101 556.0775 6.7244 -270.4021 -0.0012 0.9053 0.0298 0.4237
31.5139 558.1192 6.8327 -272.0965 -0.0009 0.9055 0.0295 0.4234
31.6175 560.1899 6.9317 -273.7942 -0.0005 0.9054 0.0296 0.4236
31.7213 562.2399 7.0308 -275.4818 -0.0003 0.9054 0.0301 0.4235
31.8248 564.3061 7.1365 -277.2044 -0.0003 0.9052 0.0309 0.4238
31.9286 566.3797 7.2408 -278.9106 -0.0005 0.9052 0.0312 0.4238
32.0322 568.4246 7.3460 -280.5943 -0.0005 0.9053 0.0312 0.4236
32.1359 570.4824 7.4454 -282.2943 -0.0002 0.9050 0.0315 0.4241
32.2395 572.5537 7.5487 -283.9943 -0.0003 0.9049 0.0321 0.4244
32.3433 574.5968 7.6649 -285.6724 -0.0009 0.9049 0.0320 0.4243
32.4470 576.6804 7.7773 -287.3771 -0.0017 0.9047 0.0320 0.4248
32.5508 578.7178 7.8882 -289.0478 -0.0016 0.9047 0.0314 0.4248
32.6544 580.7756 8.0062 -290.7555 -0.0010 0.9045 0.0315 0.4253
32.7581 582.8439 8.1026 -292.4443 -0.0004 0.9043 0.0317 0.4258
32.8617 584.9170 8.2059 -294.1176 -0.0005 0.9043 0.0321 0.4258
32.9657 586.9801 8.3258 -295.8049 -0.0005 0.9040 0.0327 0.4264
33.0705 589.0127 8.4232 -297.4618 -0.0006 0.9039 0.0323 0.4265
33.1729 591.0952 8.5373 -299.1459 -0.0006 0.9036 0.0320 0.4272
33.2764 593.1724 8.6490 -300.8417 -0.0009 0.9035 0.0319 0.4275
33.3800 595.2366 8.7580 -302.5104 -0.0012 0.9034 0.0319 0.4277
33.4838 597.2796 8.8665 -304.1563 -0.0015 0.9032 0.0319 0.4279
33.5876 599.3756 8.9752 -305.8637 -0.0022 0.9030 0.0317 0.4284
33.6912 601.3898 9.0907 -307.4805 -0.0028 0.9030 0.0311 0.4284
33.7949 603.4881 9.2053 -309.1775 -0.0030 0.9029 0.0304 0.4287
33.8986 605.5667 9.3115 -310.8551 -0.0028 0.9030 0.0310 0.4285
34.0024 607.6365 9.4206 -312.5034 -0.0030 0.9031 0.0318 0.4283
34.1060 609.7008 9.5421 -314.1672 -0.0035 0.9029 0.0319 0.4286
34.2097 611.7813 9.6532 -315.8499 -0.0035 0.9030 0.0311 0.4285
34.3135 613.8468 9.7692 -317.5116 -0.0032 0.9032 0.0302 0.4281
34.4171 615.9028 9.8756 -319.1959 -0.0027 0.9030 0.0298 0.4285
34.5208 617.9750 9.9862 -320.8478 -0.0025 0.9032 0.0300 0.4282
34.6245 620.0757 10.0936 -322.5377 -0.0025 0.9031 0.0307 0.4284
34.7281 622.1168 10.2005 -324.2012 -0.0026 0.9030 0.0313 0.4286
34.8318 624.1847 10.3092 -325.8565 -0.0027 0.9031 0.0316 0.4284
34.9354 626.2708 10.4244 -327.5498 -0.0027 0.9029 0.0314 0.4286
35.0391 628.3551 10.5370 -329.2242 -0.0028 0.9028 0.0311 0.4288
35.1428 630.3969 10.6521 -330.8744 -0.0027 0.9029 0.0313 0.4288
35.2465 632.4744 10.7594 -332.5487 -0.0027 0.9025 0.0315 0.4295
35.3501 634.5574 10.8712 -334.2113 -0.0029 0.9025 0.0316 0.4295
35.4540 636.5941 10.9870 -335.8553 -0.0032 0.9025 0.0315 0.4295
35.5574 638.6947 11.0927 -337.5297 -0.0032 0.9023 0.0309 0.4299
35.6611 640.7349 11.2083 -339.1686 -0.0032 0.9023 0.0312 0.4300
35.7648 642.8566 11.3138 -340.8606 -0.0032 0.9021 0.0317 0.4303
35.8683 644.9276 11.4277 -342.5195 -0.0031 0.9020 0.0319 0.4306
35.9721 646.9826 11.5430 -344.1573 -0.0027 0.9020 0.0314 0.4306
36.0758 649.0612 11.6494 -345.8145 -0.0022 0.9018 0.0309 0.4311
36.1795 651.1624 11.7592 -347.4931 -0.0022 0.9017 0.0313 0.4313
36.2833 653.2035 11.8665 -349.1210 -0.0021 0.9015 0.0320 0.4315
36.3868 655.3193 11.9769 -350.8004 -0.0022 0.9013 0.0324 0.4319
36.4905 657.3608 12.0899 -352.4074 -0.0024 0.9013 0.0326 0.4320
36.5941 659.4732 12.2104 -354.0891 -0.0026 0.9011 0.0326 0.4323
36.6978 661.5529 12.3234 -355.7229 -0.0025 0.9010 0.0322 0.4326
36.8015 663.5799 12.4338 -357.3257 -0.0023 0.9009 0.0317 0.4329
36.9052 665.7198 12.5459 -359.0253 -0.0023 0.9008 0.0315 0.4332
37.0089 667.7901 12.6549 -360.6420 -0.0025 0.9007 0.0313 0.4333
37.1126 669.8431 12.7727 -362.2741 -0.0026 0.9008 0.0314 0.4332
37.2163 671.9691 12.8746 -363.9536 -0.0030 0.9008 0.0312 0.4332
37.3199 674.0269 12.9898 -365.5699 -0.0034 0.9007 0.0310 0.4333
37.4237 676.0915 13.1035 -367.1975 -0.0037 0.9009 0.0306 0.4329
37.5273 678.2267 13.2146 -368.8802 -0.0036 0.9010 0.0304 0.4327
37.6311 680.2934 13.3228 -370.5067 -0.0037 0.9012 0.0307 0.4323
37.7347 682.3867 13.4369 -372.1760 -0.0036 0.9012 0.0313 0.4323
37.8384 684.4993 13.5475 -373.8433 -0.0034 0.9014 0.0317 0.4319
37.9420 686.5447 13.6628 -375.4564 -0.0036 0.9014 0.0321 0.4317
38.0456 688.6554 13.7770 -377.1226 -0.0034 0.9014 0.0316 0.4318
38.1493 690.7422 13.9005 -378.7828 -0.0029 0.9014 0.0314 0.4319
38.2529 692.7761 14.0006 -380.4118 -0.0023 0.9013 0.0315 0.4320
38.3565 694.8769 14.1138 -382.0904 -0.0018 0.9011 0.0318 0.4324
38.4601 696.9353 14.2259 -383.7260 -0.0015 0.9010 0.0323 0.4326
38.5637 699.0349 14.3327 -385.3942 -0.0013 0.9008 0.0323 0.4330
38.6673 701.1192 14.4452 -387.0459 -0.0014 0.9006 0.0320 0.4334
38.7711 703.1913 14.5609 -388.6670 -0.0016 0.9007 0.0315 0.4334
38.8748 705.3022 14.6592 -390.3376 -0.0017 0.9004 0.0311 0.4340
38.9783 707.3937 14.7762 -391.9838 -0.0020 0.9003 0.0312 0.4342
39.0820 709.4409 14.8777 -393.6041 -0.0019 0.9002 0.0322 0.4343
39.1857 711.5647 14.9967 -395.2605 -0.0019 0.8999 0.0329 0.4348
39.2893 713.6501 15.1137 -396.8963 -0.0015 0.8998 0.0330 0.4351
39.3929 715.7312 15.2219 -398.5302 -0.0011 0.8998 0.0327 0.4351
39.4965 717.8344 15.3425 -400.1710 -0.0007 0.8994 0.0323 0.4360
39.6002 719.9031 15.4454 -401.7831 -0.0005 0.8994 0.0317 0.4360
39.7039 722.0155 15.5601 -403.4304 -0.0003 0.8991 0.0317 0.4367
39.8076 724.1084 15.6599 -405.0530 0.0001 0.8989 0.0314 0.4370
39.9113 726.1990 15.7603 -406.6719 0.0001 0.8988 0.0315 0.4373
40.0149 728.3199 15.8630 -408.3085 -0.0005 0.8985 0.0314 0.4378
40.1187 730.4055 15.9814 -409.9295 -0.0012 0.8983 0.0309 0.4382
40.2223 732.4696 16.0869 -411.5226 -0.0013 0.8983 0.0307 0.4382
40.3259 734.5901 16.1897 -413.1655 -0.0009 0.8980 0.0305 0.4389
40.4297 736.6993 16.2773 -414.7781 -0.0000 0.8979 0.0304 0.4392
40.5333 738.7826 16.3850 -416.3958 0.0000 0.8979 0.0306 0.4391
40.6370 740.9211 16.4842 -418.0196 -0.0005 0.8978 0.0311 0.4393
40.7406 742.9827 16.5979 -419.6082 -0.0013 0.8980 0.0312 0.4389
40.8443 745.1284 16.6933 -421.2505 -0.0019 0.8979 0.0304 0.4391
40.9480 747.2102 16.8039 -422.8488 -0.0017 0.8979 0.0295 0.4393
41.0516 749.3048 16.9113 -424.4729 -0.0013 0.8979 0.0302 0.4392
41.1552 751.4257 17.0052 -426.1098 -0.0007 0.8975 0.0316 0.4398
41.2590 753.5303 17.1185 -427.7285 0.0003 0.8974 0.0322 0.4401
41.3626 755.6379 17.2251 -429.3423 0.0010 0.8974 0.0320 0.4401
41.4663 757.7569 17.3261 -430.9631 0.0015 0.8971 0.0309 0.4407
41.5699 759.8415 17.4236 -432.5359 0.0021 0.8971 0.0302 0.4409
41.6735 761.9522 17.5141 -434.1629 0.0024 0.8967 0.0302 0.4417
41.7773 764.0898 17.6105 -435.7901 0.0024 0.8964 0.0309 0.4421
41.8809 766.1978 17.7117 -437.3821 0.0019 0.8963 0.0312 0.4424
41.9846 768.3300 17.8082 -438.9975 0.0016 0.8959 0.0309 0.4431
42.0884 770.4713 17.9144 -440.5947 0.0014 0.8957 0.0306 0.4435
42.1920 772.5648 18.0124 -442.1849 0.0013 0.8957 0.0306 0.4436
42.2956 774.6961 18.1044 -443.7952 0.0011 0.8953 0.0303 0.4445
42.3993 776.8380 18.2171 -445.3776 0.0012 0.8950 0.0298 0.4451
42.5030 778.9550 18.2955 -446.9870 0.0014 0.8951 0.0298 0.4449
42.6066 781.1011 18.3876 -448.5706 0.0015 0.8948 0.0300 0.4454
42.7102 783.2285 18.4878 -450.1782 0.0009 0.8949 0.0304 0.4452
42.8138 785.3235 18.5804 -451.7331 0.0001 0.8948 0.0304 0.4455
42.9174 787.4530 18.6871 -453.3203 -0.0003 0.8949 0.0296 0.4453
43.0212 789.5582 18.7820 -454.8962 -0.0005 0.8951 0.0291 0.4450
43.1248 791.6887 18.8702 -456.4961 -0.0005 0.8951 0.0290 0.4449
43.2284 793.8129 18.9703 -458.0878 0.0000 0.8952 0.0291 0.4447
43.3320 795.9822 19.0612 -459.7179 0.0004 0.8956 0.0295 0.4439
43.4356 798.0576 19.1500 -461.2839 0.0006 0.8956 0.0299 0.4439
43.5393 800.1742 19.2438 -462.8814 0.0007 0.8956 0.0304 0.4438
43.6429 802.3140 19.3363 -464.4730 0.0003 0.8957 0.0303 0.4435
43.7465 804.3820 19.4408 -466.0447 0.0001 0.8957 0.0291 0.4438
43.8501 806.5049 19.5289 -467.6206 0.0005 0.8959 0.0280 0.4435
43.9537 808.5850 19.6096 -469.1976 0.0008 0.8957 0.0276 0.4437
44.0575 810.7226 19.6987 -470.8181 0.0009 0.8956 0.0280 0.4441
44.1611 812.8481 19.7871 -472.4181 0.0009 0.8956 0.0284 0.4440
44.2647 814.9437 19.8724 -474.0008 0.0010 0.8953 0.0288 0.4446
44.3683 817.0273 19.9614 -475.5728 0.0013 0.8951 0.0292 0.4449
44.4719 819.1454 20.0517 -477.1570 0.0016 0.8950 0.0295 0.4452
44.5755 821.2644 20.1541 -478.7540 0.0018 0.8946 0.0298 0.4458
44.6791 823.3927 20.2438 -480.3315 0.0018 0.8942 0.0299 0.4466
44.7829 825.5069 20.3339 -481.9108 0.0019 0.8941 0.0300 0.4469
44.8865 827.6653 20.4294 -483.5090 0.0018 0.8936 0.0304 0.4479
44.9901 829.7480 20.5222 -485.0210 0.0013 0.8933 0.0308 0.4483
45.0937 831.8595 20.6194 -486.5875 0.0007 0.8928 0.0309 0.4493
45.1974 833.9676 20.7261 -488.1358 0.0006 0.8926 0.0302 0.4499
45.3010 836.1227 20.8346 -489.6718 0.0007 0.8925 0.0302 0.4500
45.4047 838.2863 20.9290 -491.2645 0.0007 0.8922 0.0305 0.4505
45.5083 840.4551 21.0335 -492.8408 0.0007 0.8922 0.0308 0.4506
45.6121 842.5844 21.1311 -494.3882 0.0004 0.8922 0.0309 0.4505
45.7157 844.7168 21.2334 -495.9209 -0.0001 0.8921 0.0315 0.4508
45.8194 846.8227 21.3433 -497.4700 -0.0012 0.8922 0.0315 0.4505
45.9230 849.0386 21.4487 -499.0957 -0.0016 0.8923 0.0310 0.4503
46.0266 851.2145 21.5637 -500.6794 -0.0016 0.8924 0.0301 0.4503
46.1303 853.2914 21.6622 -502.1762 -0.0020 0.8923 0.0302 0.4505
46.2339 855.4962 21.7711 -503.7907 -0.0025 0.8921 0.0306 0.4508
46.3375 857.6408 21.8840 -505.3573 -0.0024 0.8919 0.0299 0.4512
46.4411 859.7408 21.9828 -506.8989 -0.0018 0.8919 0.0296 0.4513
46.5447 861.8922 22.0808 -508.4632 -0.0015 0.8917 0.0302 0.4516
46.6483 864.0611 22.1888 -510.0336 -0.0013 0.8916 0.0314 0.4518
46.7521 866.2298 22.2994 -511.5977 -0.0016 0.8917 0.0324 0.4515
46.8557 868.3805 22.4106 -513.1684 -0.0021 0.8915 0.0329 0.4518
46.9594 870.5435 22.5248 -514.7419 -0.0025 0.8914 0.0331 0.4520
47.0631 872.6899 22.6420 -516.2919 -0.0022 0.8911 0.0329 0.4527
47.1666 874.8818 22.7572 -517.8720 -0.0013 0.8908 0.0329 0.4531
47.2702 877.0160 22.8651 -519.4044 -0.0004 0.8904 0.0335 0.4538
47.3738 879.1883 22.9734 -520.9670 -0.0001 0.8899 0.0339 0.4548
47.4774 881.3313 23.0873 -522.5054 -0.0002 0.8896 0.0346 0.4555
47.5810 883.5005 23.1989 -524.0301 -0.0003 0.8894 0.0352 0.4558
47.6848 885.6574 23.3184 -525.5704 -0.0005 0.8889 0.0358 0.4566
47.7893 887.8020 23.4350 -527.0790 -0.0009 0.8887 0.0357 0.4570
47.8921 889.9641 23.5546 -528.6023 -0.0013 0.8883 0.0353 0.4579
47.9958 892.1451 23.6794 -530.1290 -0.0015 0.8881 0.0351 0.4583
48.0995 894.2853 23.7929 -531.6252 -0.0017 0.8879 0.0353 0.4587
48.2032 896.4317 23.9156 -533.1337 -0.0014 0.8874 0.0355 0.4597
48.3068 898.6161 24.0259 -534.6524 -0.0011 0.8872 0.0353 0.4601
48.4104 900.7362 24.1531 -536.1185 -0.0011 0.8869 0.0360 0.4605
48.5142 902.8930 24.2606 -537.6346 -0.0013 0.8866 0.0366 0.4612
48.6178 905.0505 24.3914 -539.1220 -0.0016 0.8864 0.0369 0.4615
48.7217 907.1578 24.5219 -540.5845 -0.0018 0.8862 0.0367 0.4618
48.8252 909.3148 24.6439 -542.0627 -0.0019 0.8859 0.0364 0.4624
48.9288 911.4421 24.7766 -543.5363 -0.0022 0.8859 0.0361 0.4624
49.0324 913.5950 24.8980 -545.0259 -0.0024 0.8857 0.0361 0.4629
49.1360 915.7491 25.0201 -546.5002 -0.0020 0.8856 0.0359 0.4631
49.2395 917.8406 25.1388 -547.9394 -0.0013 0.8856 0.0354 0.4631
49.3432 920.0040 25.2614 -549.4174 -0.0009 0.8854 0.0359 0.4634
49.4467 922.1684 25.3785 -550.9169 -0.0016 0.8853 0.0373 0.4635
49.5506 924.3109 25.5233 -552.3874 -0.0020 0.8854 0.0372 0.4634
49.6541 926.4735 25.6441 -553.8401 -0.0020 0.8854 0.0338 0.4635
49.7576 928.5380 25.7304 -555.2578 -0.0018 0.8854 0.0310 0.4638
49.8612 930.7405 25.8659 -556.7565 -0.0024 0.8854 0.0328 0.4636
49.9648 932.8444 25.9753 -558.2068 -0.0035 0.8851 0.0359 0.4639
50.0685 934.9604 26.1102 -559.6566 -0.0039 0.8851 0.0369 0.4640
50.1720 937.1165 26.2471 -561.1241 -0.0036 0.8850 0.0373 0.4641
50.2756 939.2332 26.3764 -562.5866 -0.0031 0.8848 0.0373 0.4644
50.3794 941.3935 26.5171 -564.0708 -0.0033 0.8847 0.0380 0.4645
50.4830 943.5696 26.6607 -565.5464 -0.0039 0.8845 0.0383 0.4649
50.5866 945.7118 26.7966 -566.9972 -0.0042 0.8843 0.0383 0.4652
50.6902 947.8813 26.9441 -568.4655 -0.0039 0.8842 0.0375 0.4656
50.7940 949.9885 27.0755 -569.9060 -0.0032 0.8839 0.0376 0.4661
50.8976 952.1610 27.2102 -571.3592 -0.0030 0.8836 0.0381 0.4667
51.0013 954.3344 27.3609 -572.8242 -0.0028 0.8833 0.0383 0.4672
51.1051 956.4884 27.4937 -574.2719 -0.0026 0.8831 0.0379 0.4676
51.2087 958.6479 27.6215 -575.7139 -0.0028 0.8829 0.0377 0.4680
51.3124 960.8165 27.7695 -577.1592 -0.0032 0.8825 0.0383 0.4687
51.4160 962.9769 27.9047 -578.6089 -0.0033 0.8824 0.0388 0.4689
51.5198 965.1050 28.0426 -580.0297 -0.0036 0.8822 0.0397 0.4692
51.6234 967.2877 28.2066 -581.4613 -0.0046 0.8819 0.0415 0.4696
51.7271 969.5019 28.3753 -582.9384 -0.0056 0.8816 0.0422 0.4700
51.8307 971.6682 28.5319 -584.3777 -0.0066 0.8817 0.0420 0.4700
51.9345 973.7749 28.6818 -585.7735 -0.0057 0.8816 0.0413 0.4701
52.0381 975.9355 28.8391 -587.2228 -0.0043 0.8815 0.0414 0.4703
52.1418 978.1128 28.9802 -588.6438 -0.0034 0.8816 0.0417 0.4701
52.2454 980.3235 29.1426 -590.1222 -0.0040 0.8815 0.0414 0.4703
52.3492 982.5372 29.2962 -591.5796 -0.0052 0.8816 0.0407 0.4702
52.4530 984.6977 29.4554 -593.0129 -0.0055 0.8815 0.0396 0.4704
52.5567 986.8078 29.6033 -594.3913 -0.0048 0.8818 0.0399 0.4699
52.6603 988.9885 29.7569 -595.8441 -0.0041 0.8818 0.0410 0.4699
52.7639 991.1314 29.9018 -597.2967 -0.0029 0.8818 0.0417 0.4697
52.8676 993.3789 30.0617 -598.8060 -0.0024 0.8815 0.0413 0.4705
52.9713 995.5278 30.2220 -600.2184 -0.0025 0.8817 0.0415 0.4700
53.0749 997.6364 30.3659 -601.6246 -0.0026 0.8815 0.0420 0.4703
53.1785 999.8562 30.5215 -603.1144 -0.0027 0.8814 0.0416 0.4706
53.2822 1002.0105 30.6646 -604.5344 -0.0027 0.8813 0.0411 0.4708
53.3858 1004.1758 30.8129 -605.9483 -0.0028 0.8812 0.0408 0.4710
53.4895 1006.3296 30.9565 -607.3817 -0.0028 0.8811 0.0411 0.4712
53.5931 1008.4861 31.1037 -608.8051 -0.0033 0.8808 0.0421 0.4715
53.6967 1010.6762 31.2545 -610.2252 -0.0041 0.8806 0.0427 0.4719
53.8003 1012.8842 31.4082 -611.6591 -0.0048 0.8806 0.0426 0.4720
53.9040 1015.0694 31.5634 -613.0819 -0.0050 0.8805 0.0413 0.4723
54.0076 1017.2061 31.7196 -614.4974 -0.0048 0.8805 0.0406 0.4723
54.1114 1019.3577 31.8712 -615.9126 -0.0046 0.8804 0.0407 0.4724
54.2150 1021.4951 32.0110 -617.3136 -0.0044 0.8803 0.0413 0.4726
54.3188 1023.6746 32.1625 -618.7302 -0.0039 0.8802 0.0411 0.4727
54.4224 1025.8473 32.3122 -620.1684 -0.0032 0.8802 0.0415 0.4729
54.5260 1027.9967 32.4525 -621.5775 -0.0025 0.8800 0.0422 0.4730
54.6297 1030.1493 32.5933 -622.9835 -0.0016 0.8800 0.0425 0.4731
54.7333 1032.3086 32.7433 -624.4103 -0.0011 0.8797 0.0428 0.4737
54.8371 1034.4433 32.8890 -625.7918 -0.0017 0.8796 0.0430 0.4738
54.9407 1036.5917 33.0308 -627.1943 -0.0033 0.8795 0.0420 0.4740
55.0443 1038.7286 33.1896 -628.5832 -0.0053 0.8793 0.0408 0.4744
55.1480 1040.8750 33.3343 -629.9847 -0.0068 0.8791 0.0394 0.4749
55.2515 1043.0091 33.4833 -631.3638 -0.0069 0.8791 0.0382 0.4751
55.3553 1045.1819 33.6174 -632.7456 -0.0063 0.8787 0.0382 0.4758
55.4589 1047.3145 33.7705 -634.1426 -0.0060 0.8785 0.0391 0.4761
55.5625 1049.4707 33.8982 -635.5188 -0.0053 0.8780 0.0402 0.4770
55.6662 1051.5959 34.0470 -636.8818 -0.0050 0.8776 0.0406 0.4776
55.7699 1053.7454 34.1923 -638.2444 -0.0047 0.8776 0.0397 0.4777
55.8736 1055.8985 34.3262 -639.6111 -0.0044 0.8774 0.0385 0.4783
55.9773 1058.0348 34.4730 -640.9961 -0.0041 0.8771 0.0385 0.4787
56.0809 1060.1743 34.6061 -642.3592 -0.0037 0.8770 0.0401 0.4789
56.1845 1062.3286 34.7511 -643.7121 -0.0036 0.8765 0.0420 0.4795
56.2881 1064.4623 34.8948 -645.0694 -0.0049 0.8765 0.0423 0.4796
56.3917 1066.6171 35.0632 -646.4157 -0.0072 0.8762 0.0412 0.4801
56.4953 1068.7795 35.2192 -647.7877 -0.0083 0.8761 0.0398 0.4804
56.5989 1070.9180 35.3716 -649.1021 -0.0088 0.8762 0.0389 0.4803
56.7024 1073.0704 35.5175 -650.4685 -0.0084 0.8760 0.0384 0.4807
56.8060 1075.2129 35.6591 -651.8112 -0.0076 0.8760 0.0382 0.4807
56.9096 1077.3527 35.8010 -653.1570 -0.0064 0.8761 0.0384 0.4805
57.0134 1079.5224 35.9397 -654.5427 -0.0051 0.8760 0.0390 0.4807
57.1170 1081.6709 36.0751 -655.8991 -0.0049 0.8760 0.0398 0.4807
57.2206 1083.7656 36.2223 -657.2066 -0.0053 0.8759 0.0407 0.4807
57.3242 1085.9196 36.3758 -658.5678 -0.0052 0.8758 0.0405 0.4810
57.4277 1088.0748 36.5249 -659.9001 -0.0041 0.8757 0.0397 0.4813
57.5314 1090.1990 36.6524 -661.2545 -0.0021 0.8755 0.0391 0.4817
57.6350 1092.3632 36.7872 -662.5973 -0.0013 0.8750 0.0391 0.4825
57.7386 1094.4764 36.9213 -663.9404 -0.0008 0.8747 0.0399 0.4830
57.8422 1096.6625 37.0433 -665.2813 -0.0016 0.8745 0.0397 0.4834
57.9458 1098.8340 37.2060 -666.6266 -0.0028 0.8743 0.0407 0.4837
58.0495 1100.9845 37.3591 -667.9436 -0.0040 0.8741 0.0425 0.4838
58.1532 1103.1332 37.5153 -669.2870 -0.0041 0.8738 0.0433 0.4844
58.2568 1105.2970 37.6650 -670.6164 -0.0035 0.8735 0.0424 0.4849
58.3604 1107.4393 37.8103 -671.9384 -0.0030 0.8734 0.0412 0.4852
58.4640 1109.5929 37.9560 -673.2515 -0.0029 0.8731 0.0410 0.4858
58.5676 1111.7544 38.1035 -674.5683 -0.0031 0.8729 0.0413 0.4861
58.6714 1113.9315 38.2513 -675.8908 -0.0033 0.8726 0.0416 0.4866
58.7750 1116.0781 38.3909 -677.2165 -0.0035 0.8722 0.0421 0.4873
58.8787 1118.2504 38.5412 -678.5292 -0.0039 0.8721 0.0426 0.4875
58.9825 1120.4382 38.7082 -679.8559 -0.0037 0.8717 0.0425 0.4881
59.0861 1122.5923 38.8476 -681.1517 -0.0036 0.8715 0.0420 0.4886
59.1898 1124.7543 38.9997 -682.4771 -0.0037 0.8713 0.0416 0.4890
59.2936 1126.9364 39.1553 -683.7915 -0.0041 0.8709 0.0417 0.4896
59.3972 1129.1440 39.3148 -685.0985 -0.0039 0.8707 0.0417 0.4900
59.5009 1131.3087 39.4443 -686.4040 -0.0036 0.8705 0.0412 0.4903
59.6046 1133.5236 39.6009 -687.7203 -0.0033 0.8702 0.0405 0.4909
59.7083 1135.6926 39.7431 -689.0060 -0.0032 0.8701 0.0402 0.4913
59.8120 1137.9089 39.8839 -690.3300 -0.0031 0.8697 0.0398 0.4920
59.9157 1140.1000 40.0244 -691.6278 -0.0029 0.8695 0.0396 0.4923
60.0195 1142.2890 40.1674 -692.9273 -0.0027 0.8694 0.0397 0.4926
60.1231 1144.4801 40.3010 -694.2180 -0.0028 0.8691 0.0401 0.4931
60.2268 1146.7112 40.4441 -695.5349 -0.0031 0.8689 0.0400 0.4933
60.3305 1148.9270 40.5896 -696.8218 -0.0036 0.8689 0.0401 0.4934
60.4341 1151.1141 40.7300 -698.1182 -0.0041 0.8687 0.0398 0.4938
60.5378 1153.3133 40.8722 -699.4073 -0.0045 0.8688 0.0394 0.4935
60.6414 1155.5443 41.0213 -700.7118 -0.0047 0.8688 0.0397 0.4936
60.7452 1157.7347 41.1635 -702.0063 -0.0046 0.8688 0.0399 0.4935
60.8488 1159.9381 41.3035 -703.2870 -0.0043 0.8690 0.0397 0.4932
60.9524 1162.1633 41.4560 -704.6163 -0.0043 0.8690 0.0403 0.4932
61.0561 1164.3874 41.6054 -705.9304 -0.0039 0.8690 0.0406 0.4932
61.1598 1166.6085 41.7392 -707.2067 -0.0029 0.8693 0.0399 0.4928
61.2634 1168.8252 41.8872 -708.5263 -0.0028 0.8691 0.0400 0.4930
61.3670 1171.0538 42.0466 -709.8402 -0.0033 0.8692 0.0409 0.4928
61.4706 1173.2756 42.1902 -711.1618 -0.0034 0.8693 0.0410 0.4925
61.5742 1175.4930 42.3519 -712.4799 -0.0028 0.8692 0.0403 0.4929
61.6778 1177.7337 42.4909 -713.8108 -0.0017 0.8691 0.0395 0.4930
61.7841 1179.9559 42.6335 -715.1274 -0.0016 0.8688 0.0400 0.4935
61.8852 1182.1891 42.7810 -716.4306 -0.0019 0.8687 0.0410 0.4937
61.9889 1184.4430 42.9317 -717.7603 -0.0027 0.8687 0.0425 0.4935
62.0924 1186.6889 43.0928 -719.0898 -0.0033 0.8684 0.0433 0.4939
62.1966 1188.9384 43.2610 -720.4122 -0.0038 0.8684 0.0429 0.4941
62.3000 1191.1924 43.4271 -721.7237 -0.0040 0.8685 0.0421 0.4938
62.4034 1193.4472 43.5872 -723.0594 -0.0039 0.8683 0.0419 0.4942
62.5070 1195.7175 43.7497 -724.3976 -0.0038 0.8681 0.0419 0.4945
62.6110 1197.9722 43.9020 -725.6994 -0.0035 0.8681 0.0418 0.4947
62.7141 1200.2532 44.0519 -727.0449 -0.0031 0.8678 0.0414 0.4952
62.8177 1202.5026 44.2109 -728.3626 -0.0025 0.8678 0.0408 0.4953
62.9216 1204.8080 44.3581 -729.6863 -0.0024 0.8674 0.0410 0.4959
63.0250 1207.0878 44.5056 -731.0113 -0.0024 0.8672 0.0415 0.4963
63.1286 1209.3622 44.6593 -732.3324 -0.0022 0.8671 0.0418 0.4963
63.2322 1211.6581 44.8087 -733.6596 -0.0025 0.8669 0.0422 0.4968
63.3357 1213.9322 44.9750 -734.9838 -0.0028 0.8665 0.0423 0.4973
63.4393 1216.2198 45.1224 -736.2921 -0.0028 0.8665 0.0424 0.4973
63.5429 1218.5164 45.2845 -737.6230 -0.0026 0.8661 0.0425 0.4981
63.6465 1220.8321 45.4451 -738.9381 -0.0022 0.8657 0.0423 0.4987
63.7500 1223.1062 45.5910 -740.2464 -0.0019 0.8655 0.0417 0.4992
63.8536 1225.4151 45.7490 -741.5616 -0.0015 0.8649 0.0411 0.5003
63.9572 1227.7192 45.8928 -742.8567 -0.0011 0.8646 0.0402 0.5008
64.0607 1230.0370 46.0371 -744.1785 -0.0008 0.8640 0.0401 0.5018
64.1643 1232.3623 46.1815 -745.4789 -0.0010 0.8637 0.0404 0.5024
64.2680 1234.6744 46.3254 -746.7679 -0.0015 0.8637 0.0405 0.5024
64.3716 1237.0329 46.4664 -748.0882 -0.0017 0.8633 0.0397 0.5031
64.4752 1239.3689 46.6112 -749.3931 -0.0016 0.8632 0.0387 0.5034
64.5787 1241.6769 46.7513 -750.6799 -0.0014 0.8632 0.0381 0.5034
64.6826 1244.0481 46.8874 -752.0009 -0.0009 0.8630 0.0380 0.5038
64.7859 1246.3724 47.0266 -753.3000 -0.0009 0.8627 0.0383 0.5042
64.8896 1248.7225 47.1618 -754.5966 -0.0007 0.8627 0.0385 0.5042
64.9931 1251.1019 47.3044 -755.9223 -0.0010 0.8625 0.0386 0.5047
65.0968 1253.4464 47.4428 -757.2287 -0.0014 0.8623 0.0389 0.5049
65.2004 1255.7986 47.5781 -758.5274 -0.0019 0.8623 0.0391 0.5050
65.3041 1258.1806 47.7305 -759.8411 -0.0022 0.8619 0.0396 0.5056
65.4077 1260.5430 47.8739 -761.1420 -0.0024 0.8619 0.0403 0.5055
65.5114 1262.9195 48.0278 -762.4587 -0.0022 0.8615 0.0404 0.5061
65.6150 1265.2882 48.1850 -763.7731 -0.0016 0.8614 0.0392 0.5065
65.7193 1267.6475 48.3285 -765.0557 -0.0003 0.8614 0.0367 0.5065
65.8225 1270.0472 48.4447 -766.3717 0.0012 0.8612 0.0342 0.5071
65.9261 1272.4123 48.5626 -767.6716 0.0018 0.8609 0.0338 0.5076
66.0298 1274.8087 48.6746 -768.9780 0.0016 0.8610 0.0345 0.5075
66.1334 1277.2163 48.7970 -770.2880 0.0011 0.8606 0.0352 0.5081
66.2372 1279.6108 48.9217 -771.5916 0.0002 0.8606 0.0362 0.5079
66.3409 1282.0242 49.0529 -772.9086 -0.0002 0.8603 0.0368 0.5085
66.4445 1284.4358 49.1802 -774.2186 -0.0004 0.8601 0.0372 0.5087
66.5482 1286.8222 49.3137 -775.5045 -0.0004 0.8602 0.0373 0.5087
66.6519 1289.2373 49.4422 -776.8135 -0.0003 0.8599 0.0369 0.5092
66.7555 1291.6440 49.5730 -778.1107 -0.0000 0.8598 0.0364 0.5094
66.8591 1294.0456 49.6978 -779.4068 0.0005 0.8598 0.0358 0.5093
66.9627 1296.4580 49.8151 -780.7136 0.0009 0.8595 0.0355 0.5098
67.0663 1298.8722 49.9322 -782.0126 0.0008 0.8593 0.0358 0.5102
67.1700 1301.2695 50.0563 -783.2970 0.0005 0.8593 0.0359 0.5101
67.2736 1303.6940 50.1771 -784.6023 0.0005 0.8591 0.0358 0.5106
67.3772 1306.0912 50.2994 -785.8910 0.0005 0.8590 0.0357 0.5107
67.4808 1308.5198 50.4165 -787.1962 0.0008 0.8588 0.0355 0.5111
67.5843 1310.9208 50.5284 -788.4813 0.0013 0.8586 0.0350 0.5114
67.6879 1313.3188 50.6376 -789.7545 0.0019 0.8586 0.0345 0.5114
67.7915 1315.7421 50.7534 -791.0613 0.0020 0.8584 0.0343 0.5118
67.8951 1318.1460 50.8594 -792.3365 0.0017 0.8582 0.0344 0.5121
67.9987 1320.5555 50.9730 -793.6097 0.0016 0.8582 0.0350 0.5121
68.1023 1322.9718 51.0769 -794.9211 0.0019 0.8579 0.0352 0.5126
68.2059 1325.3959 51.1919 -796.2009 0.0022 0.8578 0.0349 0.5129
68.3095 1327.7943 51.3053 -797.4558 0.0024 0.8577 0.0349 0.5129
68.4130 1330.2192 51.4202 -798.7514 0.0022 0.8574 0.0346 0.5135
68.5166 1332.6202 51.5230 -800.0087 0.0021 0.8575 0.0341 0.5134
68.6202 1335.0409 51.6253 -801.2844 0.0024 0.8572 0.0325 0.5139
68.7237 1337.4714 51.7242 -802.5666 0.0027 0.8571 0.0319 0.5141
68.8273 1339.8751 51.8244 -803.8298 0.0027 0.8572 0.0322 0.5140
68.9309 1342.2956 51.9184 -805.1090 0.0028 0.8568 0.0330 0.5145
69.0344 1344.7272 52.0205 -806.3923 0.0026 0.8567 0.0334 0.5147
69.1380 1347.1280 52.1295 -807.6515 0.0026 0.8568 0.0330 0.5146
69.2416 1349.5571 52.2302 -808.9294 0.0027 0.8566 0.0321 0.5150
69.3452 1351.9811 52.3266 -810.1919 0.0028 0.8564 0.0314 0.5153
69.4489 1354.3635 52.4099 -811.4513 0.0031 0.8565 0.0311 0.5153
69.5525 1356.8096 52.5128 -812.7440 0.0033 0.8562 0.0313 0.5157
69.6561 1359.2262 52.5833 -814.0026 0.0031 0.8559 0.0317 0.5161
69.7597 1361.6328 52.6774 -815.2491 0.0031 0.8559 0.0321 0.5161
69.8633 1364.0437 52.7671 -816.5110 0.0029 0.8556 0.0320 0.5166
69.9668 1366.4633 52.8664 -817.7529 0.0029 0.8557 0.0319 0.5166
70.0705 1368.8767 52.9436 -819.0092 0.0031 0.8554 0.0316 0.5169
70.1740 1371.2929 53.0323 -820.2696 0.0029 0.8552 0.0314 0.5174
70.2777 1373.6750 53.1269 -821.5005 0.0029 0.8552 0.0315 0.5173
70.3814 1376.0895 53.2150 -822.7446 0.0030 0.8549 0.0313 0.5178
70.4851 1378.5034 53.3033 -823.9901 0.0034 0.8548 0.0311 0.5181
70.5888 1380.9090 53.3850 -825.2228 0.0040 0.8547 0.0309 0.5182
70.6924 1383.3171 53.4665 -826.4725 0.0044 0.8542 0.0306 0.5189
70.7960 1385.7158 53.5496 -827.7086 0.0048 0.8540 0.0302 0.5193
70.8998 1388.1282 53.6209 -828.9275 0.0052 0.8540 0.0296 0.5194
71.0033 1390.5489 53.6980 -830.1770 0.0054 0.8537 0.0288 0.5199
71.1072 1392.9682 53.7778 -831.3898 0.0052 0.8537 0.0282 0.5200
71.2108 1395.3735 53.8500 -832.6251 0.0048 0.8532 0.0282 0.5208
71.3143 1397.7765 53.9232 -833.8370 0.0045 0.8530 0.0283 0.5212
71.4181 1400.1711 53.9907 -835.0435 0.0045 0.8528 0.0284 0.5214
71.5218 1402.6081 54.0658 -836.2802 0.0044 0.8525 0.0286 0.5219
71.6254 1405.0207 54.1422 -837.4970 0.0044 0.8522 0.0288 0.5224
71.7292 1407.4079 54.2070 -838.6925 0.0048 0.8522 0.0286 0.5225
71.8329 1409.8375 54.2814 -839.9077 0.0051 0.8518 0.0288 0.5231
71.9365 1412.2329 54.3551 -841.1039 0.0054 0.8517 0.0291 0.5233
72.0403 1414.6575 54.4146 -842.3154 0.0057 0.8513 0.0286 0.5239
72.1440 1417.0487 54.4814 -843.5109 0.0061 0.8510 0.0282 0.5244
72.2476 1419.4245 54.5489 -844.6833 0.0065 0.8509 0.0280 0.5245
72.3514 1421.8457 54.6001 -845.8981 0.0070 0.8506 0.0275 0.5251
72.4550 1424.2459 54.6649 -847.0825 0.0073 0.8504 0.0275 0.5254
72.5586 1426.6255 54.7209 -848.2554 0.0072 0.8502 0.0276 0.5256
72.6623 1429.0420 54.7901 -849.4496 0.0070 0.8500 0.0274 0.5260
72.7661 1431.4112 54.8470 -850.6249 0.0070 0.8500 0.0270 0.5260
72.8697 1433.8400 54.9098 -851.8126 0.0072 0.8498 0.0262 0.5264
72.9734 1436.2274 54.9634 -852.9876 0.0074 0.8497 0.0255 0.5266
73.0772 1438.6360 55.0167 -854.1587 0.0076 0.8497 0.0253 0.5267
73.1808 1441.0389 55.0579 -855.3356 0.0076 0.8493 0.0255 0.5272
73.2844 1443.4473 55.1134 -856.5147 0.0072 0.8492 0.0258 0.5274
73.3881 1445.8253 55.1605 -857.6849 0.0071 0.8492 0.0256 0.5274
73.4917 1448.2312 55.2101 -858.8483 0.0072 0.8488 0.0254 0.5280
73.5954 1450.6306 55.2631 -860.0159 0.0072 0.8486 0.0254 0.5283
73.6990 1453.0176 55.3085 -861.1761 0.0070 0.8486 0.0253 0.5283
73.8027 1455.4139 55.3591 -862.3364 0.0070 0.8482 0.0252 0.5290
73.9063 1457.7827 55.4089 -863.4902 0.0068 0.8482 0.0253 0.5290
74.0101 1460.1933 55.4574 -864.6438 0.0067 0.8479 0.0257 0.5295
74.1137 1462.5791 55.5053 -865.8036 0.0066 0.8477 0.0261 0.5297
74.2174 1464.9520 55.5546 -866.9410 0.0067 0.8476 0.0265 0.5299
74.3210 1467.3424 55.6008 -868.0958 0.0068 0.8473 0.0267 0.5304
74.4247 1469.7188 55.6548 -869.2250 0.0068 0.8471 0.0264 0.5307
74.5284 1472.0796 55.7107 -870.3559 0.0068 0.8471 0.0263 0.5307
74.6320 1474.4644 55.7569 -871.4926 0.0069 0.8468 0.0261 0.5312
74.7358 1476.8262 55.8026 -872.6227 0.0070 0.8466 0.0259 0.5316
74.8394 1479.1804 55.8507 -873.7401 0.0069 0.8466 0.0258 0.5315
74.9430 1481.5596 55.8945 -874.8769 0.0069 0.8463 0.0259 0.5320
75.0467 1483.8952 55.9448 -875.9868 0.0067 0.8464 0.0261 0.5319
75.1503 1486.2529 55.9869 -877.1062 0.0061 0.8462 0.0260 0.5322
75.2540 1488.6044 56.0397 -878.2078 0.0058 0.8462 0.0264 0.5322
75.3577 1490.9179 56.0878 -879.3163 0.0056 0.8464 0.0269 0.5319
75.4614 1493.2820 56.1441 -880.4323 0.0053 0.8462 0.0272 0.5321
75.5650 1495.6084 56.2011 -881.5355 0.0052 0.8462 0.0271 0.5321
75.6688 1497.9125 56.2514 -882.6247 0.0051 0.8463 0.0268 0.5320
75.7724 1500.2509 56.3048 -883.7335 0.0048 0.8461 0.0267 0.5323
75.8762 1502.5477 56.3710 -884.8203 0.0046 0.8462 0.0272 0.5322
75.9798 1504.8628 56.4182 -885.9242 0.0050 0.8460 0.0271 0.5325
76.0833 1507.1796 56.4655 -887.0231 0.0055 0.8459 0.0265 0.5327
76.1869 1509.4710 56.5249 -888.1095 0.0058 0.8458 0.0268 0.5327
76.2905 1511.7879 56.5747 -889.2035 0.0058 0.8454 0.0277 0.5334
76.3941 1514.0824 56.6389 -890.2857 0.0056 0.8452 0.0286 0.5336
76.4976 1516.3821 56.6919 -891.3656 0.0058 0.8453 0.0283 0.5335
76.6012 1518.6717 56.7549 -892.4345 0.0062 0.8449 0.0279 0.5342
76.7049 1520.9518 56.8081 -893.5128 0.0064 0.8447 0.0276 0.5345
76.8084 1523.2245 56.8671 -894.5743 0.0060 0.8448 0.0278 0.5344
76.9120 1525.5255 56.9320 -895.6441 0.0057 0.8444 0.0285 0.5349
77.0156 1527.7997 56.9879 -896.7056 0.0053 0.8444 0.0289 0.5349
77.1192 1530.0940 57.0580 -897.7778 0.0050 0.8441 0.0292 0.5354
77.2228 1532.3645 57.1183 -898.8319 0.0051 0.8439 0.0289 0.5357
77.3264 1534.6280 57.1750 -899.8818 0.0059 0.8440 0.0279 0.5356
77.4300 1536.9042 57.2177 -900.9416 0.0065 0.8436 0.0270 0.5363
77.5336 1539.1790 57.2760 -901.9897 0.0063 0.8434 0.0273 0.5365
77.6372 1541.4360 57.3332 -903.0282 0.0054 0.8434 0.0284 0.5364
77.7409 1543.7094 57.4019 -904.0809 0.0045 0.8430 0.0297 0.5370
77.8445 1545.9702 57.4618 -905.1216 0.0042 0.8429 0.0300 0.5372
77.9483 1548.2173 57.5329 -906.1558 0.0044 0.8430 0.0292 0.5370
78.0518 1550.4683 57.5977 -907.1856 0.0049 0.8426 0.0284 0.5378
78.1555 1552.7074 57.6504 -908.2239 0.0055 0.8424 0.0286 0.5381
78.2592 1554.9421 57.7054 -909.2366 0.0055 0.8424 0.0290 0.5381
78.3628 1557.1962 57.7676 -910.2513 0.0047 0.8420 0.0291 0.5386
78.4664 1559.4118 57.8284 -911.2626 0.0041 0.8423 0.0293 0.5382
78.5700 1561.6540 57.8870 -912.2869 0.0034 0.8422 0.0294 0.5383
78.6738 1563.8812 57.9605 -913.2994 0.0029 0.8425 0.0297 0.5379
78.7774 1566.0942 58.0250 -914.3086 0.0028 0.8430 0.0301 0.5371
78.8810 1568.2994 58.0922 -915.3228 0.0029 0.8430 0.0298 0.5371
78.9846 1570.5243 58.1618 -916.3400 0.0029 0.8432 0.0293 0.5369
79.0883 1572.7226 58.2293 -917.3407 0.0028 0.8436 0.0293 0.5362
79.1918 1574.9270 58.2974 -918.3633 0.0026 0.8436 0.0290 0.5362
79.2956 1577.1207 58.3700 -919.3744 0.0024 0.8440 0.0295 0.5355
79.3992 1579.3252 58.4337 -920.3984 0.0028 0.8439 0.0298 0.5356
79.5028 1581.5104 58.5038 -921.4119 0.0029 0.8441 0.0293 0.5353
79.6064 1583.7033 58.5814 -922.4275 0.0032 0.8446 0.0292 0.5346
79.7101 1585.8848 58.6446 -923.4444 0.0034 0.8446 0.0296 0.5346
79.8138 1588.0590 58.7058 -924.4620 0.0032 0.8449 0.0297 0.5341
79.9174 1590.2333 58.7748 -925.4810 0.0027 0.8457 0.0298 0.5329
80.0210 1592.4130 58.8463 -926.5039 0.0021 0.8461 0.0299 0.5321
80.1246 1594.6020 58.9193 -927.5188 0.0013 0.8469 0.0300 0.5310
80.2284 1596.7392 58.9908 -928.5520 0.0010 0.8478 0.0303 0.5295
80.3320 1598.8971 59.0631 -929.5917 0.0008 0.8483 0.0305 0.5286
80.4356 1601.0451 59.1398 -930.6324 0.0008 0.8492 0.0305 0.5272
80.5393 1603.1817 59.2153 -931.6643 0.0006 0.8498 0.0301 0.5263
80.6430 1605.3052 59.2902 -932.7138 0.0004 0.8505 0.0299 0.5251
80.7467 1607.4145 59.3710 -933.7712 0.0001 0.8516 0.0297 0.5233
80.8503 1609.5287 59.4383 -934.8104 0.0000 0.8522 0.0301 0.5223
80.9541 1611.6433 59.5125 -935.8757 -0.0001 0.8529 0.0309 0.5211
81.0577 1613.7508 59.5895 -936.9472 -0.0002 0.8537 0.0315 0.5199
81.1614 1615.8446 59.6697 -938.0099 -0.0004 0.8541 0.0316 0.5192
81.2650 1617.9208 59.7498 -939.0633 -0.0005 0.8547 0.0314 0.5181
81.3688 1620.0081 59.8327 -940.1395 -0.0009 0.8551 0.0314 0.5175
81.4724 1622.0857 59.9184 -941.2035 -0.0008 0.8556 0.0318 0.5166
81.5760 1624.1475 59.9972 -942.2812 -0.0004 0.8561 0.0318 0.5159
81.6796 1626.2131 60.0827 -943.3540 0.0003 0.8561 0.0323 0.5157
81.7831 1628.2737 60.1550 -944.4327 0.0011 0.8563 0.0323 0.5155
81.8867 1630.3178 60.2324 -945.5033 0.0013 0.8568 0.0315 0.5147
81.9904 1632.3462 60.3097 -946.5720 0.0012 0.8567 0.0309 0.5148
82.0940 1634.3860 60.3848 -947.6292 0.0010 0.8569 0.0307 0.5146
82.1976 1636.4126 60.4537 -948.6939 0.0015 0.8572 0.0304 0.5141
82.3012 1638.4420 60.5240 -949.7629 0.0016 0.8571 0.0302 0.5142
82.4049 1640.4333 60.5893 -950.8200 0.0014 0.8574 0.0306 0.5138
82.5085 1642.4830 60.6744 -951.8945 0.0016 0.8572 0.0309 0.5140
82.6122 1644.4695 60.7336 -952.9383 0.0012 0.8572 0.0307 0.5142
82.7159 1646.4763 60.8080 -954.0091 0.0011 0.8571 0.0309 0.5142
82.8195 1648.4729 60.8933 -955.0614 0.0007 0.8567 0.0312 0.5149
82.9231 1650.4795 60.9597 -956.1080 0.0005 0.8564 0.0324 0.5153
83.0269 1652.4510 61.0400 -957.1471 0.0001 0.8559 0.0343 0.5160
83.1305 1654.4995 61.1331 -958.2029 -0.0005 0.8553 0.0354 0.5169
83.2342 1656.4748 61.2386 -959.2183 -0.0004 0.8548 0.0350 0.5177
83.3379 1658.4549 61.3237 -960.2420 0.0002 0.8545 0.0334 0.5184
83.4416 1660.4227 61.3790 -961.2412 0.0019 0.8537 0.0310 0.5199
83.5452 1662.3890 61.4563 -962.2619 0.0036 0.8530 0.0306 0.5210
83.6488 1664.3808 61.5287 -963.2693 0.0039 0.8520 0.0325 0.5225
83.7525 1666.3393 61.6028 -964.2494 0.0036 0.8511 0.0334 0.5240
83.8563 1668.3614 61.6931 -965.2505 0.0024 0.8505 0.0343 0.5248
83.9600 1670.3348 61.7772 -966.2299 0.0017 0.8497 0.0348 0.5261
84.0636 1672.2981 61.8680 -967.1914 0.0020 0.8491 0.0347 0.5271
84.1674 1674.3064 61.9529 -968.1484 0.0026 0.8488 0.0350 0.5275
84.2710 1676.3120 62.0247 -969.1321 0.0024 0.8482 0.0359 0.5285
84.3751 1678.2409 62.1188 -970.0916 0.0015 0.8479 0.0356 0.5289
84.4784 1680.2615 62.2127 -971.0653 0.0006 0.8477 0.0351 0.5293
84.5821 1682.1985 62.2984 -971.9901 -0.0001 0.8476 0.0342 0.5296
84.6857 1684.1765 62.3914 -972.9351 -0.0007 0.8475 0.0336 0.5298
84.7894 1686.1517 62.4787 -973.8722 -0.0010 0.8474 0.0338 0.5299
84.8932 1688.1013 62.5625 -974.8016 -0.0013 0.8473 0.0338 0.5301
84.9968 1690.0569 62.6435 -975.7506 -0.0012 0.8474 0.0342 0.5299
85.1005 1692.0586 62.7383 -976.7058 -0.0013 0.8473 0.0339 0.5300
85.2041 1694.0100 62.8249 -977.6476 -0.0013 0.8474 0.0340 0.5299
85.3077 1695.9454 62.9067 -978.5795 -0.0013 0.8474 0.0335 0.5299
85.4114 1697.9408 63.0003 -979.5373 -0.0009 0.8472 0.0341 0.5302
85.5150 1699.8722 63.0794 -980.4708 -0.0009 0.8471 0.0348 0.5303
85.6188 1701.7747 63.1661 -981.3718 -0.0009 0.8467 0.0356 0.5309
85.7231 1703.7672 63.2638 -982.3267 -0.0011 0.8466 0.0356 0.5310
85.8265 1705.6918 63.3458 -983.2369 -0.0011 0.8466 0.0362 0.5311
85.9298 1707.6076 63.4467 -984.1579 -0.0017 0.8462 0.0358 0.5317
86.0337 1709.5575 63.5395 -985.0828 -0.0019 0.8460 0.0361 0.5320
86.1374 1711.4786 63.6468 -985.9911 -0.0015 0.8457 0.0369 0.5324
86.2408 1713.4437 63.7267 -986.9114 -0.0007 0.8452 0.0366 0.5332
86.3445 1715.3991 63.8119 -987.8257 0.0005 0.8448 0.0355 0.5339
86.4484 1717.2969 63.9041 -988.6912 0.0006 0.8444 0.0353 0.5345
86.5519 1719.2447 63.9895 -989.6097 -0.0006 0.8438 0.0363 0.5354
86.6556 1721.1656 64.0864 -990.4952 -0.0016 0.8435 0.0368 0.5359
86.7594 1723.0732 64.1812 -991.3784 -0.0026 0.8430 0.0368 0.5366
86.8630 1725.0075 64.2863 -992.2677 -0.0035 0.8426 0.0375 0.5373
86.9669 1726.9399 64.3852 -993.1443 -0.0036 0.8424 0.0375 0.5376
87.0705 1728.8680 64.4762 -994.0232 -0.0036 0.8417 0.0368 0.5387
87.1741 1730.7702 64.5726 -994.8872 -0.0039 0.8414 0.0370 0.5392
87.2783 1732.6688 64.6931 -995.7406 -0.0038 0.8411 0.0375 0.5396
87.3817 1734.5679 64.7764 -996.6026 -0.0031 0.8408 0.0369 0.5400
87.4853 1736.4536 64.8809 -997.4574 -0.0027 0.8408 0.0372 0.5400
87.5890 1738.3498 64.9650 -998.3124 -0.0020 0.8406 0.0378 0.5403
87.6927 1740.2201 65.0603 -999.1610 -0.0007 0.8404 0.0385 0.5406
87.7963 1742.0757 65.1420 -999.9967 -0.0003 0.8406 0.0399 0.5402
87.9001 1743.9316 65.2306 -1000.8389 -0.0003 0.8406 0.0409 0.5402
88.0038 1745.7538 65.3309 -1001.6583 -0.0009 0.8406 0.0409 0.5401
88.1074 1747.5979 65.4249 -1002.4769 -0.0017 0.8409 0.0400 0.5397
88.2116 1749.4293 65.5270 -1003.3015 -0.0025 0.8410 0.0388 0.5396
88.3150 1751.2378 65.6258 -1004.1102 -0.0031 0.8413 0.0381 0.5391
88.4185 1753.0723 65.7230 -1004.9385 -0.0036 0.8415 0.0381 0.5389
88.5223 1754.8932 65.8054 -1005.7521 -0.0041 0.8416 0.0387 0.5386
88.6260 1756.6677 65.9096 -1006.5585 -0.0049 0.8419 0.0388 0.5382
88.7298 1758.4785 66.0024 -1007.3874 -0.0056 0.8421 0.0390 0.5379
88.8335 1760.2694 66.1090 -1008.2010 -0.0067 0.8425 0.0393 0.5373
88.9373 1762.0438 66.2124 -1009.0029 -0.0069 0.8430 0.0398 0.5365
89.0410 1763.8048 66.3179 -1009.8325 -0.0063 0.8432 0.0405 0.5361
89.1446 1765.5494 66.4141 -1010.6320 -0.0055 0.8436 0.0418 0.5354
89.2482 1767.2957 66.5282 -1011.4480 -0.0044 0.8437 0.0433 0.5350
89.3519 1769.0322 66.6262 -1012.2580 -0.0030 0.8440 0.0442 0.5344
89.4555 1770.7054 66.7261 -1013.0455 -0.0012 0.8444 0.0447 0.5338
89.5592 1772.3986 66.8344 -1013.8443 0.0001 0.8446 0.0455 0.5335
89.6628 1774.0743 66.9355 -1014.6476 0.0015 0.8449 0.0464 0.5329
89.7665 1775.7280 67.0278 -1015.4236 0.0030 0.8455 0.0470 0.5319
89.8703 1777.3835 67.1267 -1016.2064 0.0043 0.8458 0.0475 0.5314
89.9740 1779.0077 67.2246 -1016.9956 0.0053 0.8463 0.0481 0.5305
90.0776 1780.6270 67.3212 -1017.7692 0.0061 0.8470 0.0490 0.5293
90.1813 1782.2151 67.4167 -1018.5441 0.0075 0.8475 0.0501 0.5283
90.2851 1783.8086 67.5109 -1019.3116 0.0088 0.8483 0.0509 0.5271
90.3888 1785.3643 67.6006 -1020.0821 0.0099 0.8488 0.0518 0.5261
90.4924 1786.9209 67.6902 -1020.8506 0.0108 0.8497 0.0521 0.5246
90.5962 1788.4276 67.7827 -1021.5866 0.0109 0.8512 0.0524 0.5222
90.6999 1789.9503 67.8791 -1022.3749 0.0109 0.8527 0.0532 0.5195
90.8035 1791.4266 67.9676 -1023.1453 0.0111 0.8545 0.0536 0.5166
90.9073 1792.8943 68.0638 -1023.8996 0.0112 0.8566 0.0539 0.5130
91.0110 1794.3317 68.1567 -1024.6721 0.0107 0.8589 0.0535 0.5091
91.1146 1795.7668 68.2593 -1025.4490 0.0104 0.8621 0.0529 0.5039
91.2184 1797.1633 68.3512 -1026.2449 0.0101 0.8654 0.0524 0.4983
91.3221 1798.5389 68.4420 -1027.0551 0.0106 0.8691 0.0525 0.4917
91.4258 1799.8750 68.5314 -1027.8574 0.0112 0.8731 0.0532 0.4844
91.5296 1801.2179 68.6238 -1028.7079 0.0123 0.8770 0.0541 0.4772
91.6332 1802.5133 68.7169 -1029.5648 0.0129 0.8809 0.0548 0.4699
91.7369 1803.8005 68.8129 -1030.4406 0.0137 0.8852 0.0556 0.4616
91.8407 1805.0641 68.9203 -1031.3370 0.0141 0.8894 0.0560 0.4534
91.9444 1806.3075 69.0301 -1032.2370 0.0146 0.8938 0.0556 0.4447
92.0482 1807.5228 69.1068 -1033.1867 0.0149 0.8981 0.0558 0.4359
92.1519 1808.6997 69.2275 -1034.1259 0.0149 0.9027 0.0567 0.4263
92.2557 1809.8889 69.3258 -1035.1064 0.0149 0.9074 0.0579 0.4160
92.3594 1811.0112 69.4427 -1036.1077 0.0150 0.9119 0.0582 0.4059
92.4631 1812.1399 69.5589 -1037.1291 0.0144 0.9166 0.0583 0.3953
92.5669 1813.2376 69.6726 -1038.1731 0.0140 0.9214 0.0578 0.3840
92.6705 1814.2963 69.7888 -1039.2386 0.0137 0.9260 0.0573 0.3729
92.7742 1815.3338 69.8998 -1040.3395 0.0135 0.9308 0.0577 0.3607
92.8780 1816.3376 70.0148 -1041.4599 0.0134 0.9353 0.0585 0.3487
92.9817 1817.3129 70.1346 -1042.6082 0.0127 0.9397 0.0603 0.3363
93.0854 1818.2739 70.2804 -1043.7866 0.0120 0.9441 0.0612 0.3236
93.1892 1819.1721 70.3995 -1044.9813 0.0127 0.9483 0.0615 0.3111
93.2929 1820.0426 70.5347 -1046.1978 0.0128 0.9525 0.0600 0.2984
93.3965 1820.8947 70.6619 -1047.4299 0.0130 0.9564 0.0595 0.2857
93.5003 1821.6972 70.7969 -1048.6788 0.0131 0.9601 0.0591 0.2729
93.6040 1822.4609 70.9219 -1049.9607 0.0131 0.9639 0.0593 0.2594
93.7077 1823.1972 71.0568 -1051.2617 0.0129 0.9673 0.0599 0.2461
93.8114 1823.8911 71.1933 -1052.5722 0.0126 0.9707 0.0601 0.2323
93.9151 1824.5621 71.3296 -1053.9234 0.0126 0.9741 0.0596 0.2179
94.0189 1825.1672 71.4634 -1055.2652 0.0131 0.9771 0.0590 0.2040
94.1225 1825.7591 71.5907 -1056.6463 0.0132 0.9800 0.0590 0.1899
94.2263 1826.3051 71.7404 -1058.0461 0.0130 0.9826 0.0595 0.1756
94.3298 1826.7929 71.8747 -1059.4275 0.0121 0.9849 0.0601 0.1616
94.4336 1827.2666 72.0237 -1060.8428 0.0115 0.9872 0.0599 0.1472
94.5372 1827.6796 72.1573 -1062.2616 0.0108 0.9892 0.0592 0.1334
94.6408 1828.0595 72.2938 -1063.7007 0.0105 0.9910 0.0590 0.1196
94.7445 1828.3992 72.4438 -1065.1540 0.0107 0.9926 0.0594 0.1056
94.8483 1828.6822 72.5876 -1066.5940 0.0105 0.9939 0.0593 0.0923
94.9519 1828.9547 72.7215 -1068.0558 0.0108 0.9951 0.0593 0.0785
95.0557 1829.1632 72.8709 -1069.5346 0.0107 0.9961 0.0593 0.0647
95.1594 1829.3375 73.0173 -1071.0086 0.0102 0.9969 0.0589 0.0512
95.2631 1829.4725 73.1587 -1072.4890 0.0104 0.9975 0.0583 0.0376
95.3667 1829.5787 73.3053 -1073.9764 0.0102 0.9980 0.0580 0.0242
95.4705 1829.6250 73.4519 -1075.4475 0.0105 0.9982 0.0575 0.0114
95.5741 1829.6437 73.5870 -1076.9522 0.0106 0.9983 0.0575 -0.0017
95.6778 1829.6198 73.7335 -1078.4225 0.0107 0.9982 0.0577 -0.0141
95.7816 1829.5671 73.8768 -1079.9069 0.0103 0.9979 0.0575 -0.0267
95.8852 1829.4750 74.0199 -1081.4275 0.0102 0.9975 0.0569 -0.0401
95.9888 1829.3379 74.1608 -1082.8940 0.0099 0.9970 0.0556 -0.0528
96.0925 1829.1562 74.2939 -1084.3791 0.0095 0.9963 0.0538 -0.0661
96.1962 1828.9492 74.4289 -1085.8894 0.0089 0.9954 0.0529 -0.0797
96.2998 1828.6878 74.5756 -1087.3484 0.0080 0.9942 0.0526 -0.0931
96.4034 1828.3957 74.6998 -1088.8602 0.0076 0.9928 0.0530 -0.1073
96.5071 1828.0510 74.8435 -1090.3143 0.0072 0.9912 0.0537 -0.1206
96.6109 1827.6755 74.9698 -1091.7745 0.0071 0.9894 0.0537 -0.1345
96.7145 1827.2535 75.1079 -1093.2472 0.0066 0.9874 0.0525 -0.1490
96.8182 1826.7947 75.2316 -1094.6632 0.0065 0.9853 0.0517 -0.1625
96.9218 1826.2897 75.3695 -1096.1012 0.0062 0.9829 0.0516 -0.1764
97.0256 1825.7305 75.4983 -1097.5405 0.0062 0.9803 0.0514 -0.1907
97.1293 1825.1459 75.6267 -1098.9271 0.0056 0.9775 0.0515 -0.2045
97.2331 1824.5336 75.7553 -1100.3187 0.0050 0.9744 0.0510 -0.2188
97.3368 1823.8568 75.8939 -1101.7148 0.0046 0.9710 0.0503 -0.2337
97.4404 1823.1547 76.0083 -1103.0368 0.0042 0.9675 0.0499 -0.2478
97.5442 1822.3845 76.1355 -1104.4023 0.0038 0.9636 0.0494 -0.2627
97.6479 1821.6118 76.2453 -1105.6748 0.0033 0.9596 0.0492 -0.2769
97.7516 1820.7707 76.3752 -1106.9532 0.0030 0.9554 0.0488 -0.2913
97.8552 1819.9044 76.4776 -1108.2382 0.0028 0.9508 0.0488 -0.3059
97.9590 1819.0146 76.6051 -1109.4450 0.0024 0.9463 0.0485 -0.3197
98.0627 1818.0757 76.6958 -1110.6350 0.0025 0.9414 0.0478 -0.3339
98.1665 1817.0932 76.8231 -1111.8402 0.0019 0.9362 0.0472 -0.3484
98.2701 1816.0897 76.9231 -1112.9580 0.0013 0.9310 0.0462 -0.3620
98.3738 1815.0320 77.0327 -1114.0918 0.0012 0.9253 0.0459 -0.3765
98.4775 1813.9866 77.1291 -1115.1353 0.0011 0.9197 0.0458 -0.3899
98.5811 1812.8688 77.2154 -1116.1848 0.0010 0.9137 0.0452 -0.4039
98.6848 1811.7163 77.3294 -1117.2253 0.0004 0.9073 0.0441 -0.4182
98.7884 1810.5607 77.4081 -1118.1741 0.0000 0.9012 0.0428 -0.4314
98.8922 1809.3719 77.5075 -1119.1157 -0.0006 0.8948 0.0417 -0.4446
98.9958 1808.1137 77.5835 -1120.0641 -0.0008 0.8880 0.0410 -0.4581
99.0995 1806.8610 77.6662 -1120.9051 -0.0011 0.8815 0.0408 -0.4704
99.2031 1805.5652 77.7504 -1121.7677 -0.0013 0.8746 0.0408 -0.4832
99.3067 1804.2640 77.8176 -1122.5622 -0.0016 0.8678 0.0401 -0.4953
99.4104 1802.9294 77.9071 -1123.3378 -0.0023 0.8609 0.0396 -0.5072
99.5140 1801.5576 77.9759 -1124.0848 -0.0023 0.8539 0.0390 -0.5190
99.6177 1800.1855 78.0479 -1124.7765 -0.0021 0.8472 0.0384 -0.5298
99.7213 1798.7638 78.1119 -1125.4436 -0.0019 0.8405 0.0375 -0.5406
99.8251 1797.3075 78.1788 -1126.0899 -0.0018 0.8336 0.0361 -0.5513
99.9287 1795.8774 78.2372 -1126.6814 -0.0024 0.8269 0.0359 -0.5611
100.0324 1794.4056 78.3058 -1127.2391 -0.0020 0.8201 0.0361 -0.5711
100.1362 1792.9052 78.3824 -1127.8031 -0.0028 0.8131 0.0363 -0.5809
100.2398 1791.3994 78.4269 -1128.2935 -0.0031 0.8066 0.0352 -0.5900
100.3435 1789.8622 78.4896 -1128.7798 -0.0034 0.8001 0.0347 -0.5988
100.4471 1788.3275 78.5552 -1129.2117 -0.0033 0.7942 0.0343 -0.6066
100.5508 1786.7702 78.5984 -1129.6247 -0.0026 0.7884 0.0336 -0.6143
100.6544 1785.1824 78.6588 -1130.0149 -0.0024 0.7829 0.0330 -0.6212
100.7580 1783.6024 78.7054 -1130.3798 -0.0022 0.7782 0.0316 -0.6273
100.8616 1782.0139 78.7434 -1130.7134 -0.0020 0.7736 0.0304 -0.6330
100.9652 1780.4019 78.7921 -1131.0237 -0.0021 0.7691 0.0292 -0.6385
101.0688 1778.7805 78.8341 -1131.3270 -0.0018 0.7650 0.0287 -0.6434
101.1724 1777.1506 78.8808 -1131.6095 -0.0018 0.7609 0.0282 -0.6483
101.2762 1775.4969 78.9189 -1131.8730 -0.0018 0.7570 0.0278 -0.6529
101.3798 1773.8514 78.9650 -1132.1148 -0.0023 0.7534 0.0279 -0.6569
101.4834 1772.1850 79.0032 -1132.3464 -0.0023 0.7499 0.0279 -0.6610
101.5870 1770.5169 79.0449 -1132.5511 -0.0019 0.7473 0.0283 -0.6639
101.6906 1768.8177 79.0849 -1132.7697 -0.0012 0.7451 0.0282 -0.6663
101.7943 1767.1457 79.1245 -1132.9492 -0.0009 0.7432 0.0278 -0.6685
101.8979 1765.4530 79.1584 -1133.1265 -0.0009 0.7414 0.0280 -0.6705
102.0016 1763.7587 79.2030 -1133.3041 -0.0009 0.7396 0.0282 -0.6725
102.1052 1762.0623 79.2473 -1133.4703 -0.0011 0.7377 0.0284 -0.6745
102.2089 1760.3638 79.2818 -1133.6289 -0.0012 0.7364 0.0287 -0.6760
102.3126 1758.6621 79.3201 -1133.7839 -0.0012 0.7352 0.0290 -0.6772
102.4162 1756.9585 79.3604 -1133.9293 -0.0011 0.7341 0.0289 -0.6785
102.5200 1755.2406 79.3992 -1134.0746 -0.0012 0.7333 0.0287 -0.6793
102.6236 1753.5657 79.4379 -1134.2077 -0.0013 0.7325 0.0286 -0.6802
102.7273 1751.8588 79.4707 -1134.3249 -0.0013 0.7320 0.0285 -0.6807
102.8309 1750.1419 79.5134 -1134.4478 -0.0013 0.7315 0.0285 -0.6812
102.9347 1748.4336 79.5481 -1134.5903 -0.0014 0.7310 0.0284 -0.6818
103.0383 1746.7228 79.5819 -1134.7123 -0.0013 0.7306 0.0287 -0.6822
103.1420 1745.0078 79.6207 -1134.8245 -0.0010 0.7303 0.0288 -0.6825
103.2457 1743.2966 79.6650 -1134.9570 -0.0008 0.7297 0.0290 -0.6831
103.3494 1741.5722 79.6950 -1135.0618 -0.0006 0.7295 0.0293 -0.6834
103.4530 1739.8541 79.7388 -1135.2013 -0.0006 0.7288 0.0295 -0.6841
103.5567 1738.1280 79.7753 -1135.3126 -0.0008 0.7285 0.0293 -0.6844
103.6603 1736.4278 79.8185 -1135.4189 -0.0009 0.7281 0.0293 -0.6848
103.7641 1734.7072 79.8549 -1135.5351 -0.0007 0.7276 0.0296 -0.6854
103.8677 1732.9943 79.8987 -1135.6475 -0.0005 0.7272 0.0300 -0.6857
103.9713 1731.2918 79.9329 -1135.7479 -0.0005 0.7268 0.0300 -0.6862
104.0751 1729.6023 79.9672 -1135.8476 -0.0018 0.7262 0.0298 -0.6868
104.1787 1727.9288 80.0016 -1135.9563 -0.0025 0.7258 0.0292 -0.6872
104.2823 1726.2415 80.0326 -1136.0562 -0.0031 0.7254 0.0287 -0.6878
104.3860 1724.5706 80.0716 -1136.1544 -0.0034 0.7247 0.0282 -0.6885
104.4898 1722.9111 80.0958 -1136.2365 -0.0033 0.7240 0.0281 -0.6893
104.5934 1721.2482 80.1231 -1136.3319 -0.0030 0.7225 0.0283 -0.6908
104.6973 1719.5976 80.1472 -1136.4070 -0.0031 0.7209 0.0286 -0.6925
104.8009 1717.9524 80.1705 -1136.4667 -0.0035 0.7186 0.0288 -0.6948
104.9046 1716.3226 80.1935 -1136.5357 -0.0040 0.7156 0.0290 -0.6979
105.0084 1714.7043 80.2185 -1136.5663 -0.0044 0.7126 0.0290 -0.7010
105.1121 1713.0932 80.2310 -1136.6027 -0.0045 0.7089 0.0289 -0.7047
105.2159 1711.4895 80.2631 -1136.6088 0.0047 -0.7045 -0.0292 0.7091
105.3194 1709.9147 80.2778 -1136.5960 0.0049 -0.6998 -0.0295 0.7137
105.4232 1708.3379 80.2933 -1136.5512 0.0054 -0.6941 -0.0295 0.7193
105.5269 1706.7999 80.3070 -1136.4954 0.0061 -0.6881 -0.0293 0.7250
105.6307 1705.2609 80.3100 -1136.3998 0.0071 -0.6815 -0.0287 0.7312
105.7344 1703.7276 80.3221 -1136.2930 0.0077 -0.6742 -0.0278 0.7380
105.8381 1702.2357 80.3310 -1136.1445 0.0082 -0.6666 -0.0269 0.7448
105.9419 1700.7547 80.3295 -1135.9686 0.0086 -0.6585 -0.0262 0.7521
106.0456 1699.2653 80.3338 -1135.7559 0.0084 -0.6497 -0.0257 0.7597
106.1494 1697.8190 80.3181 -1135.5084 0.0086 -0.6403 -0.0252 0.7677
106.2531 1696.3515 80.3273 -1135.2376 0.0093 -0.6297 -0.0242 0.7764
106.3570 1694.9398 80.3101 -1134.9206 0.0097 -0.6190 -0.0232 0.7850
106.4608 1693.5228 80.3026 -1134.5531 0.0100 -0.6077 -0.0213 0.7938
106.5645 1692.0931 80.2709 -1134.1597 0.0099 -0.5959 -0.0190 0.8028
106.6682 1690.7321 80.2603 -1133.7223 0.0102 -0.5841 -0.0174 0.8114
106.7719 1689.3577 80.2316 -1133.2350 0.0098 -0.5716 -0.0157 0.8203
106.8757 1687.9774 80.2078 -1132.7084 0.0094 -0.5584 -0.0148 0.8294
106.9793 1686.6501 80.1793 -1132.1563 0.0089 -0.5448 -0.0141 0.8384
107.0832 1685.3290 80.1493 -1131.5362 0.0089 -0.5302 -0.0134 0.8477
107.1869 1684.0438 80.1219 -1130.8950 0.0095 -0.5153 -0.0128 0.8569
107.2905 1682.7885 80.0846 -1130.1971 0.0107 -0.4998 -0.0114 0.8660
107.3943 1681.5234 80.0311 -1129.4467 0.0115 -0.4841 -0.0099 0.8749
107.4980 1680.3523 79.9948 -1128.6796 0.0116 -0.4688 -0.0089 0.8832
107.6016 1679.1782 79.9509 -1127.8719 0.0116 -0.4530 -0.0075 0.8914
107.7054 1678.0133 79.8915 -1126.9863 0.0120 -0.4367 -0.0064 0.8995
107.8091 1676.9165 79.8434 -1126.1050 0.0119 -0.4205 -0.0060 0.9072
107.9128 1675.8269 79.7981 -1125.1558 0.0121 -0.4039 -0.0056 0.9147
108.0164 1674.8062 79.7383 -1124.1785 0.0128 -0.3873 -0.0047 0.9218
108.1202 1673.8068 79.6856 -1123.1803 0.0142 -0.3705 -0.0034 0.9287
108.2239 1672.8211 79.6092 -1122.1084 0.0150 -0.3536 -0.0016 0.9353
108.3276 1671.9224 79.5456 -1121.0572 0.0155 -0.3370 0.0001 0.9414
108.4312 1671.0414 79.4790 -1119.9440 0.0162 -0.3202 0.0020 0.9472
108.5349 1670.1924 79.4037 -1118.7789 0.0166 -0.3029 0.0034 0.9529
108.6388 1669.4081 79.3253 -1117.6414 0.0174 -0.2863 0.0051 0.9580
108.7426 1668.6309 79.2420 -1116.4139 0.0188 -0.2694 0.0068 0.9628
108.8459 1667.9455 79.1562 -1115.2180 0.0205 -0.2535 0.0087 0.9671
108.9497 1667.2717 79.0721 -1113.9831 0.0210 -0.2378 0.0102 0.9710
109.0532 1666.6203 78.9786 -1112.6856 0.0201 -0.2227 0.0117 0.9746
109.1569 1666.0422 78.9009 -1111.4233 0.0200 -0.2081 0.0133 0.9778
109.2605 1665.4662 78.8040 -1110.1103 0.0204 -0.1934 0.0149 0.9808
109.3644 1664.9624 78.7210 -1108.7642 0.0219 -0.1780 0.0170 0.9836
109.4679 1664.4892 78.5963 -1107.4587 0.0232 -0.1634 0.0184 0.9861
109.5716 1664.0514 78.5115 -1106.1235 0.0233 -0.1479 0.0185 0.9886
109.6753 1663.6567 78.4357 -1104.6775 0.0217 -0.1313 0.0187 0.9909
109.7791 1663.3022 78.3342 -1103.3415 0.0208 -0.1150 0.0176 0.9930
109.8827 1662.9874 78.2446 -1101.9039 0.0244 -0.0971 0.0179 0.9948
109.9864 1662.7331 78.1227 -1100.5421 0.0300 -0.0800 0.0172 0.9962
110.0901 1662.5168 78.0347 -1099.1344 0.0323 -0.0633 0.0176 0.9973
110.1939 1662.3643 77.9080 -1097.6628 0.0300 -0.0466 0.0193 0.9983
110.2976 1662.2480 77.8118 -1096.2460 0.0268 -0.0307 0.0217 0.9989
110.4014 1662.1883 77.6951 -1094.8048 0.0255 -0.0138 0.0232 0.9993
110.5051 1662.1499 77.6032 -1093.3367 0.0271 0.0033 0.0244 0.9993
110.6089 1662.1984 77.4928 -1091.9149 0.0294 0.0203 0.0246 0.9991
110.7125 1662.2788 77.3882 -1090.4331 0.0316 0.0372 0.0250 0.9985
110.8162 1662.4087 77.2589 -1089.0193 0.0330 0.0537 0.0250 0.9977
110.9200 1662.5719 77.1612 -1087.5972 0.0334 0.0705 0.0245 0.9966
111.0236 1662.8046 77.0355 -1086.1136 0.0329 0.0877 0.0243 0.9953
111.1273 1663.0815 76.9434 -1084.7138 0.0328 0.1040 0.0236 0.9938
111.2310 1663.4001 76.8046 -1083.2700 0.0331 0.1204 0.0228 0.9919
111.3347 1663.7543 76.7072 -1081.8271 0.0335 0.1364 0.0227 0.9898
111.4384 1664.1754 76.5936 -1080.4512 0.0332 0.1508 0.0228 0.9877
111.5420 1664.6272 76.4876 -1079.0124 0.0329 0.1651 0.0235 0.9854
111.6458 1665.1467 76.3759 -1077.6152 0.0318 0.1783 0.0239 0.9832
111.7494 1665.6887 76.2880 -1076.2292 0.0314 0.1906 0.0248 0.9809
111.8530 1666.2556 76.1758 -1074.8218 0.0315 0.2024 0.0252 0.9785
111.9566 1666.8833 76.0907 -1073.4394 0.0322 0.2130 0.0258 0.9762
112.0602 1667.5294 75.9777 -1072.0652 0.0331 0.2225 0.0271 0.9740
112.1638 1668.2087 75.8814 -1070.6813 0.0335 0.2310 0.0283 0.9720
112.2684 1668.9254 75.7806 -1069.3166 0.0325 0.2385 0.0294 0.9701
112.3709 1669.6612 75.6946 -1067.9450 0.0315 0.2461 0.0300 0.9683
112.4746 1670.3926 75.5892 -1066.5578 0.0312 0.2538 0.0304 0.9663
112.5782 1671.1790 75.5126 -1065.2090 0.0320 0.2602 0.0306 0.9645
112.6817 1671.9859 75.4138 -1063.8535 0.0327 0.2659 0.0315 0.9629
112.7856 1672.8203 75.3158 -1062.4969 0.0323 0.2697 0.0323 0.9619
112.8898 1673.6368 75.2282 -1061.1305 0.0317 0.2724 0.0323 0.9611
112.9924 1674.4623 75.1477 -1059.7818 0.0314 0.2746 0.0320 0.9605
113.0960 1675.3282 75.0548 -1058.4154 0.0311 0.2759 0.0316 0.9602
113.1996 1676.1971 74.9643 -1057.0316 0.0304 0.2771 0.0314 0.9599
113.3032 1677.0567 74.8826 -1055.6448 0.0291 0.2781 0.0320 0.9596
113.4073 1677.9417 74.7902 -1054.2546 0.0284 0.2788 0.0319 0.9594
113.5105 1678.8285 74.7158 -1052.8634 0.0285 0.2796 0.0320 0.9592
113.6142 1679.7207 74.6449 -1051.4711 0.0287 0.2806 0.0320 0.9589
113.7179 1680.6217 74.5475 -1050.0459 0.0291 0.2814 0.0319 0.9586
113.8238 1681.5264 74.4711 -1048.6339 0.0298 0.2822 0.0308 0.9584
113.9252 1682.4481 74.3787 -1047.1938 0.0296 0.2832 0.0307 0.9581
114.0288 1683.3761 74.2954 -1045.7561 0.0287 0.2840 0.0322 0.9579
